          16  0.14999999999999999       -2.0000000000000000        1.0000000000000000       -2.3709429481439453E-012   1.0000000000000000        1.0000000000000000        2.5518571763130875E-033   25.000000000000000     
          16  0.25000000000000000       -2.0000000000000000        1.0000000000000000       -8.5353946133182035E-013   1.0000000000000000        1.0000000000000000        2.5518571763130875E-033   25.000000000000000     
          16  0.34999999999999998       -2.0000000000000000        1.0000000000000000       -4.3547931700603083E-013   1.0000000000000000        1.0000000000000000        2.5518571763130875E-033   25.000000000000000     
          16  0.44999999999999996       -1.9999992163991975       0.99999980409979938        3.0956292339620230E-005  0.99999960973006907       0.99999922553428566        1.5304703172015880E-009   24.996238244539335     
          16  0.54999999999999993       -1.9999968655967904       0.99999921639919764        8.2884993551843704E-005  0.99999843892027640       0.99999690213714276        6.1218812688064173E-009   24.984951846121412     
          16  0.64999999999999991       -1.9999600363590773       0.99999000908976932        7.5574028827560269E-004  0.99998009623352480       0.99996050224857125        7.8053986177281833E-008   24.807909629998122     
          16  0.74999999999999989       -1.9998279996238717       0.99995690195586762        2.4634110038208338E-003  0.99991414673708623       0.99982965370283317        3.4169582206610630E-007   26.154790060973081     
          16  0.84999999999999987       -1.9993366819207623       0.99983230942828483        7.4252345261398948E-003  0.99966600852361764       0.99933752714466662        1.3684990313200767E-006   25.535239230827905     
          16  0.94999999999999984       -1.9981671577231694       0.99953316982196594        1.6669228053037825E-002  0.99907048262708043       0.99815737347640732        3.9457244211551846E-006   25.904411832540980     
          16   1.0499999999999998       -1.9957470066449348       0.99891157848545642        3.2177542344143273E-002  0.99783373864268576       0.99570932270064128        9.3170779547145040E-006   24.842016893174250     
          16   1.1499999999999999       -1.9916883462888666       0.99784568549398189        5.3038725110806297E-002  0.99571561210731796       0.99152679495735752        1.9292374640754140E-005   25.225915223846851     
          16   1.2500000000000000       -1.9850555572968906       0.99607749028335002        8.1006362895062300E-002  0.99220735173048435       0.98462053821109219        3.6991933335324864E-005   25.803478145685599     
          16   1.3500000000000001       -1.9747672705616850       0.99324810368605820       0.12114838390144074       0.98661125588680099       0.97367206403468110        6.8771270941457363E-005   24.132481316614857     
          16   1.4500000000000002       -1.9605045605566700       0.98924605848796388       0.17037988409530447       0.97872857923134637       0.95837451956349762        1.1724850878091689E-004   25.188837815114052     
          16   1.5500000000000003       -1.9408318706118355       0.98343624623871617       0.22762656428460090       0.96735223676400295       0.93654918506939555        1.9937018210451911E-004   24.912606275774017     
          16   1.6500000000000004       -1.9140076479438315       0.97513379983701098       0.30107511959982042       0.95124285362190086       0.90618246690143145        3.4295891008338092E-004   24.815461976618629     
          16   1.7500000000000004       -1.8802708907973922       0.96417024511033100       0.38228297401927930       0.93021338796663422       0.86740863420622216        5.5397521814514329E-004   24.902667076004331     
          16   1.8500000000000005       -1.8362579927281846       0.94848960945336003       0.49484246272639232       0.90069537531050181       0.81488075450178576        9.6267593035382997E-004   25.299188389536841     
          16   1.9500000000000006       -1.7796827983951855       0.92638854062186560       0.63444969869716283       0.86019870524659914       0.74621409509581327        1.6921780578870718E-003   26.659127448419433     
          16   2.0500000000000007       -1.7064882146439317       0.89242924084754260       0.84863690215195109       0.80130385051639286       0.65460095051134237        3.3402893294438929E-003   37.531606905277009     
          16   2.1271875000000002       -1.6344435650702107       0.85160422674272818        1.0478751410158464       0.73554275650437639       0.56257423551551389        5.9653371912658133E-003   49.237437643744855     
          16   2.1413687500000003       -1.6189513854062187       0.84281751504513536        1.0921119191765445       0.72176105036300309       0.54422218266560685        6.4534360346907649E-003   47.724651867106857     
          16   2.1555500000000003       -1.6038847009779338       0.83256037644182546        1.1335080266856339       0.70649063737844386       0.52502441866726890        7.1052391197131666E-003   49.560812982703894     
          16   2.1697312500000003       -1.5863622116349048       0.82028722887412242        1.1950530068223271       0.68885700528097960       0.50367836055103887        8.1474755772325807E-003   53.706014464727424     
          16   2.1839125000000004       -1.5707403460381144       0.81030826855566696        1.2197486171573853       0.67391759323380296       0.48497729396228950        8.8329647338560024E-003   56.341025226398969     
          16   2.1980937500000004       -1.5530811183550652       0.79744565728435302        1.2851414032909168       0.65566488130161971       0.46375264927376819        9.7494674558011220E-003   59.187440517203960     
          16   2.2122750000000004       -1.5355233669759278       0.78421671263791370        1.3075482352826588       0.63685037963010116       0.44184559164185788        1.0838011443931570E-002   55.677357558329611     
          16   2.2264562500000005       -1.5145918223420261       0.76630849579989968        1.3789186636733477       0.61345523233518917       0.41687244643394644        1.2125890195200020E-002   59.640305470653956     
          16   2.2406375000000005       -1.4925561841775326       0.74717453140672019        1.4222003715853626       0.58847751598300757       0.39058795983491157        1.3630706133888193E-002   61.759472639115785     
          16   2.2548187500000005       -1.4757608763791374       0.73293239092276830        1.4694094548323389       0.57022997091861516       0.37190642835891830        1.4781988722076743E-002   64.269979694212282     
          16   2.2690000000000006       -1.4547000376128385       0.71467801843029088        1.5018476017400215       0.54715653613673043       0.34883079689459401        1.6347221485619037E-002   63.461694577021412     
          16   2.2831812500000006       -1.4343702983951856       0.69660583312437308        1.5127570509552350       0.52458325293262598       0.32630377102759084        1.7442235613237048E-002   65.453632491710195     
          16   2.2973625000000006       -1.4100994389418255       0.67309193204613837        1.5450019292319883       0.49670911232231851       0.30055652511704978        1.9625740741590850E-002   64.789965799094816     
          16   2.3115437500000007       -1.3912334660230692       0.65624079269057167        1.5318394903119743       0.47593935217517785       0.28088765093970786        2.0299742787646822E-002   66.376237439872710     
          16   2.3257250000000007       -1.3650553222166499       0.63095066449348047        1.5533133950362419       0.44684633429095877       0.25537607455187089        2.2425054238437846E-002   63.966265209587746     
          16   2.3399062500000007       -1.3432641675025074       0.60757937876128387        1.5534719450220349       0.42130889739531091       0.23430843145858379        2.4141139656795152E-002   63.171787518359437     
          16   2.3540875000000008       -1.3224556481945837       0.58758188628385155        1.5262526405754657       0.39889035392309741       0.21511821802985762        2.5259009899262243E-002   58.343008420292428     
          16   2.3682687500000008       -1.3030094188816450       0.56622602181544635        1.5026813665815657       0.37552502784231601       0.19642495902922141        2.6886186992908009E-002   61.043872410446944     
          16   2.3824500000000008       -1.2824563534353060       0.54581909791875627        1.4549065158492920       0.35383318840799743       0.17945980768979580        2.7958058773036448E-002   59.513239918959847     
          16   2.3966312500000009       -1.2588946527081244       0.52193729626379137        1.4111901687356114       0.32884784419175495       0.16017229458113522        2.9551029133028366E-002   56.188371333435484     
          16   2.4108125000000009       -1.2404866944583752       0.50049621520812437        1.3715189239937478       0.30788360105952622       0.14563159114777399        3.0778964707726047E-002   52.867203918817872     
          16   2.4249937500000009       -1.2210780779839518       0.48287303316198593        1.3306559057358227       0.28968749051108400       0.13208232456668761        3.1151097198426285E-002   54.009730691499350     
          16   2.4391750000000010       -1.2036425683299901       0.46209703328736207        1.2755997574915294       0.26974215646206195       0.11851101335009173        3.2908806565461746E-002   49.959096420647818     
          16   2.4533562500000010       -1.1847907002256770       0.44445406532096288        1.2288437873769571       0.25274247424891860       0.10719214352996741        3.3435383964320074E-002   49.995666759825497     
          16   2.4675375000000010       -1.1675428629638918       0.42781430228184553        1.1690248972952590       0.23673792373213390        9.6500198650682933E-002   3.3801707047334047E-002   48.441639217722908     
          16   2.4817187500000011       -1.1533044445837513       0.41284576385406219        1.1384700753455650       0.22332512215601882        8.8379117188211093E-002   3.4512646756269257E-002   45.817019080097026     
          16   2.4959000000000011       -1.1354884967402206       0.39438001504513542        1.0796316351034827       0.20677374836913082        7.8267115664480622E-002   3.4793464659964413E-002   43.339324019113938     
          16   2.5100812500000012       -1.1208386879388164       0.37953234704112337        1.0293138354283937       0.19344332129689851        7.0315611584218535E-002   3.5472771764299811E-002   41.780192365054390     
          16   2.5242625000000012       -1.1058875846288867       0.36462042377131393       0.99172204828766297       0.18076004747641361        6.3340490838977970E-002   3.5902438637409620E-002   41.154625684446103     
          16   2.5384437500000012       -1.0928570868856571       0.35261291687562690       0.95933421192075607       0.17118432935525324        5.8192576799792055E-002   3.6066073960638219E-002   41.052808360772595     
          16   2.5526250000000013       -1.0803018430290872       0.34272348294884653       0.91753876285182367       0.16235531239715240        5.3127055780900455E-002   3.6056408566644590E-002   37.878249652902930     
          16   2.5668062500000013       -1.0663948877883651       0.32704480629388166       0.88105873201656981       0.14995445626430071        4.6832642186182730E-002   3.6257207801278363E-002   37.835295839262741     
          16   2.5809875000000013       -1.0558781814192577       0.31994205272066201       0.84883730753312958       0.14402525355607840        4.3758764745407887E-002   3.5936035226829609E-002   34.660966403213052     
          16   2.5951687500000014       -1.0437809522316950       0.30680655246990973       0.80415897929536551       0.13387927607284744        3.8722095551172883E-002   3.6333952071988182E-002   33.464399744475969     
          16   2.6093500000000014       -1.0320578924272819       0.29733712857321964       0.78569993297107033       0.12672434876651439        3.5468651825765758E-002   3.6134389210976697E-002   33.612585359326971     
          16   2.6235312500000014       -1.0220379889669007       0.29126030435055167       0.76210962582102904       0.12187805328828281        3.3176049260084432E-002   3.5611214398489244E-002   33.025368639439442     
          16   2.6377125000000015       -1.0097636659979941       0.28104665559177533       0.72782565204331973       0.11431938332086101        2.9745184162532613E-002   3.5722079593459882E-002   32.835746545825600     
          16   2.6518937500000015       -1.0001343875376127       0.27408455836258777       0.70874723170026621       0.10918056445949174        2.7446082429147679E-002   3.5138201539391845E-002   30.581239686688445     
          16   2.6660750000000015      -0.99038090835005010       0.26823615377382148       0.67690628001142961       0.10440666941008572        2.5233825673456625E-002   3.5063859073871280E-002   30.595725765582127     
          16   2.6802562500000016      -0.98154110769809433       0.26223279212637912       0.66652522707636053       0.10041402895209064        2.3620308776841001E-002   3.4203686472847897E-002   29.375861933672141     
          16   2.6944375000000016      -0.97142991474423268       0.25375579864593784       0.63267960912420362        9.4453278659219847E-002   2.1118384710099237E-002   3.4513826597206476E-002   29.323075234817047     
          16   2.7000000000000002      -0.96780184302908723       0.25091465803660984       0.63326707433865848        9.2676327627903232E-002   2.0510896103346388E-002   3.4339976363849362E-002   29.812867266605970     
          16   2.8000000000000003      -0.91054687499999998       0.21540715897693080       0.53294990899835804        6.9670629931787548E-002   1.2357005936727899E-002   3.1974140178372620E-002   25.716292056255430     
          16   2.9000000000000004      -0.86097589643931793       0.19143367602808425       0.45934350300782112        5.5882540198721159E-002   8.3206874485629249E-003   2.9173244001309717E-002   25.006390605836241     
          16   3.0000000000000004      -0.81724744546138417       0.17169320461384152       0.40642786223497873        4.5110982973334060E-002   5.5621385011997600E-003   2.6784494820296427E-002   24.911068831739268     
          16   3.1000000000000005      -0.77914681544633901       0.15768477306920761       0.36286856255881017        3.8295768041428972E-002   4.0615165299748108E-003   2.4654441098125066E-002   24.597599785585757     
          16   3.2000000000000006      -0.74553073282347038       0.14593095693329991       0.32544230292750759        3.3014165482286702E-002   3.0889990078163897E-003   2.2776738036909029E-002   24.716148708966834     
          16   3.3000000000000007      -0.71481945837512539       0.13886836290120361       0.29330622774125087        2.9788919676509998E-002   2.5079495804113455E-003   2.1108474955331354E-002   25.032822515676557     
          16   3.4000000000000008      -0.68582701228686060       0.12988888540621865       0.26949154203497244        2.6211563156265671E-002   1.9723306788335233E-003   1.9737782343403117E-002   24.761978559748389     
          16   3.5000000000000009      -0.65960028523069203       0.12376151893179539       0.24650808413806649        2.3865404195986397E-002   1.6485651685980520E-003   1.8702507946376873E-002   24.859543898911163     
          16   3.6000000000000010      -0.63590889857071209       0.11906148131895687       0.22694964068204407        2.2051273449254012E-002   1.4021718185189495E-003   1.7333699289788018E-002   25.188420863152988     
          16   3.7000000000000011      -0.61368284541123375       0.11373632616599799       0.20897353026723386        2.0146476110460287E-002   1.1674146734013660E-003   1.6428025392222791E-002   24.910224504593543     
          16   3.8000000000000012      -0.59353607698094279       0.11010551184804414       0.19457443103570876        1.8897505198701571E-002   1.0312720739965513E-003   1.5850555580242526E-002   25.033470228045811     
          16   3.9000000000000012      -0.57495964455867599       0.10674523570712137       0.18146879143933853        1.7845143095301528E-002   9.3328617812099763E-004   1.4873332018051863E-002   25.256591954956530     
          16   4.0000000000000009      -0.55794061873119360       0.10309071746489469       0.17465083911217877        1.6598301067754041E-002   8.0895312139792443E-004   1.4158637089378590E-002   24.555466678938473     
          16   4.1000000000000005      -0.54025161421765300       0.10086274448345035       0.16015784437398811        1.5878188765515295E-002   7.4267307914786015E-004   1.3680895876059604E-002   24.750344159246222     
          16   4.2000000000000002      -0.52542549523570714        9.8877100050150449E-002  0.15137003506081720        1.5274142740722165E-002   6.8260598236483821E-004   1.3149511964974474E-002   24.803721575600505     
          16   4.2999999999999998      -0.51077803723671011        9.6504552720661982E-002  0.14318928987424867        1.4500571110303567E-002   6.1363767927798368E-004   1.2602233478436997E-002   24.637411207081630     
          16   4.3999999999999995      -0.49670770122868607        9.3952169007021066E-002  0.13294827244349119        1.3800483481695085E-002   5.6233091789896527E-004   1.2212369196387445E-002   24.654008741072275     
          16   4.4999999999999991      -0.48378377319458377        9.1954770561685051E-002  0.12553678796265691        1.3178601355825287E-002   5.0670308534545429E-004   1.1886763112448660E-002   24.697280833292787     
          16   4.5999999999999988      -0.47152943204613840        8.9994789054663987E-002  0.11960267124181963        1.2702271548532314E-002   4.7566762806823402E-004   1.1433715097684228E-002   24.779003916632643     
          16   4.6999999999999984      -0.46012960757271815        8.8584503510531598E-002  0.11408414526428977        1.2294476202043630E-002   4.4773707620298850E-004   1.1129253795818755E-002   24.114447003771460     
          16   4.7999999999999980      -0.44929828548144435        8.7318008713640927E-002  0.10890085122684623        1.1947639488289086E-002   4.2579269985721605E-004   1.0761344918399422E-002   25.550830737701403     
          16   4.8999999999999977      -0.43854884967402208        8.5246168192076227E-002  0.10493940841442580        1.1416783615005172E-002   3.8871429571013153E-004   1.0585598611684961E-002   25.161024465525212     
          16   4.9999999999999973      -0.42803919571213639        8.4529761158475422E-002   9.7016311269251726E-002   1.1181460029502569E-002   3.6884503964047013E-004   1.0420949317239723E-002   26.238595951972897     
          32  0.14999999999999999       -2.0000000000000000        1.0000000000000000       -9.4837717925757813E-012   1.0000000000000000        1.0000000000000000        4.3333423748712807E-034   25.000000000000000     
          32  0.25000000000000000       -2.0000000000000000        1.0000000000000000       -3.4141578453272814E-012   1.0000000000000000        1.0000000000000000        4.3333423748712807E-034   25.000000000000000     
          32  0.34999999999999998       -2.0000000000000000        1.0000000000000000       -1.7419172680241233E-012   1.0000000000000000        1.0000000000000000        4.3333423748712807E-034   25.000000000000000     
          32  0.44999999999999996       -1.9999992163991975       0.99999980409979938        3.0953963147254626E-005  0.99999960858221637       0.99999921869191533        3.8261757930039694E-010   24.984951846121405     
          32  0.54999999999999993       -1.9999964737963891       0.99999911844909728        1.0357454417843890E-004  0.99999823881128247       0.99999648525699292        1.6485684025868481E-009   24.939036325050409     
          32  0.64999999999999991       -1.9999617994608827       0.99999044986522068        7.1978700476175083E-004  0.99998091838304826       0.99996191123087219        1.8652606990894553E-008   25.820919418037985     
          32  0.74999999999999989       -1.9998097809052156       0.99995215137600302        2.7091219473325675E-003  0.99990440003252545       0.99980918836779986        9.6023917931711470E-008   25.113490523102822     
          32  0.84999999999999987       -1.9993491215835004       0.99983588460694583        7.3196328327655019E-003  0.99967212954399698       0.99934569688001029        3.2863123492133735E-007   24.606488486731685     
          32  0.94999999999999984       -1.9981711736772818       0.99953478599862089        1.6524478141189011E-002  0.99907075686823033       0.99814623884456355        9.7617116915793458E-007   23.777181851267869     
          32   1.0499999999999998       -1.9958240933738716       0.99892945437876124        3.1391280786366431E-002  0.99786236408122675       0.99573849308175388        2.3381384673440411E-006   25.438805689195821     
          32   1.1499999999999999       -1.9915840294320462       0.99781943486710134        5.3812547213506014E-002  0.99564856660282353       0.99133569814668476        4.9093662533040639E-006   24.535247241243706     
          32   1.2500000000000000       -1.9848129348984453       0.99600774981193585        8.3831431852401189E-002  0.99204105847816881       0.98418352305067969        9.4825293786094706E-006   25.335681255606691     
          32   1.3500000000000001       -1.9747979289430793       0.99326877115722167       0.12139020813690693       0.98660013548947623       0.97344780217935944        1.7171781720353534E-005   24.594090792038909     
          32   1.4500000000000002       -1.9603117947592779       0.98917651391675021       0.16759753970246327       0.97850015577126881       0.95757941925305345        2.9999184466906921E-005   25.086590273747657     
          32   1.5500000000000003       -1.9403566167251756       0.98331189858638413       0.22724562625780442       0.96695390249805202       0.93519841747010601        5.1083949320344142E-005   24.387963608282956     
          32   1.6500000000000004       -1.9142046255955365       0.97523184788741224       0.29793671167821284       0.95116436192121279       0.90504311502009072        8.7374843309653602E-005   24.951686120600851     
          32   1.7500000000000004       -1.8800691135907723       0.96406852393116849       0.38248543945162061       0.92957631219234482       0.86465784108821253        1.4669442277452145E-004   25.179410478354054     
          32   1.8500000000000005       -1.8358556137161484       0.94833896219909730       0.49581433249551227       0.89961377376300034       0.81025230898664802        2.6197696943118119E-004   25.363033662709643     
          32   1.9500000000000006       -1.7795491944583752       0.92612211634904718       0.63570577017257990       0.85821591399258812       0.73825509856788130        4.8382699420142504E-004   26.222481071408758     
          32   2.0500000000000007       -1.7065402261471916       0.89270281547768304       0.84408199831317321       0.79810882767320512       0.64053785703809796        1.0369449404609651E-003   39.014634498058307     
          32   2.1980937500000000       -1.5478382412863592       0.78536547141424273        1.3998362245879203       0.62642375253507099       0.40944610551004340        5.4655784097201333E-003   181.68605477051136     
          32   2.2051843750000000       -1.5393604642051153       0.77818896141549654        1.4226912874453785       0.61561024492698058       0.39679434380614309        5.6997211107410002E-003   172.06787869039718     
          32   2.2122750000000000       -1.5281949363716147       0.76521155262662988        1.5130127382225804       0.59914000978919424       0.38013960187839535        6.5477353513565080E-003   248.87215199352494     
          32   2.2193656250000000       -1.5174554914744234       0.75543010868543126        1.5352287210562994       0.58513318571666539       0.36467914783342137        7.2514566459663081E-003   210.83940706747998     
          32   2.2264562500000000       -1.5080569834503510       0.74777452474611339        1.5702923148735126       0.57379098938126016       0.35195255019138250        7.5787456928364519E-003   203.79578922335006     
          32   2.2335468750000000       -1.4963352949473421       0.73537511949912238        1.6381063656141281       0.55761064349588685       0.33562623194590513        8.1812766677506667E-003   228.05620294311478     
          32   2.2406375000000001       -1.4849177415057673       0.72093335671075731        1.6723276650229730       0.53900371568731464       0.31748745887253554        9.3283954050405529E-003   242.32335677231828     
          32   2.2477281250000001       -1.4710755312813439       0.70067766776893181        1.7640526962371632       0.51499843377406995       0.29630328550756363        1.0971448821348376E-002   271.42067357604361     
          32   2.2548187500000001       -1.4603104234578737       0.69189492305040123        1.7743327089657206       0.50266599626455044       0.28351290049010647        1.1166690968374304E-002   237.96934327076605     
          32   2.2619093750000001       -1.4468460067703108       0.67229123895122866        1.7970559839943767       0.47970914190248354       0.26356328280930913        1.2618645088203933E-002   266.56303401501276     
          32   2.2690000000000001       -1.4349499670887662       0.65665766831745231        1.8507559210362543       0.46149552363450214       0.24776177072611388        1.3245707205614878E-002   295.07594489630304     
          32   2.2760906250000001       -1.4182295911171012       0.62995539352432295        1.8900218488528160       0.43155355099569948       0.22382897043140051        1.5822222153021485E-002   275.76728383255022     
          32   2.2831812500000002       -1.4087942538553160       0.61947326354062182        1.8754716224294552       0.41958956780620177       0.21360788202502640        1.5455007371370760E-002   281.67502700780415     
          32   2.2902718750000002       -1.3956144801592276       0.59953689192577730        1.8916547144489553       0.39784194062442452       0.19668319857409769        1.7097392082797116E-002   263.27008112518945     
          32   2.2973625000000002       -1.3815956659039619       0.57875530889543636        1.9008393328267970       0.37598800582656172       0.18058294934291283        1.8221758207400955E-002   272.74288640323954     
          32   2.3044531250000002       -1.3674895781093279       0.55569330060493982        1.8760683539758998       0.35186082472652941       0.16313201693410262        1.9893140691116685E-002   274.78955373942466     
          32   2.3115437500000002       -1.3548268829927281       0.53531664328924278        1.8850610603386611       0.33209142646674766       0.14994679352019333        2.1204873149652644E-002   269.01220937202208     
          32   2.3186343750000002       -1.3406395945649447       0.51488924782158974        1.8456001125220112       0.31088277602506614       0.13495342629909701        2.1859965272982843E-002   241.13303301522143     
          32   2.3257250000000003       -1.3271833077357071       0.48871267121677531        1.8100502875939879       0.28619299470601134       0.11948139728372401        2.3887323227927137E-002   231.17750518844531     
          32   2.3328156250000003       -1.3155607447342026       0.47403303660982948        1.7694431699985220       0.27191742674158947       0.10998610523109068        2.3849904056345440E-002   237.06952916910211     
          32   2.3399062500000003       -1.3035837982698095       0.45621390538803913        1.7375481972506199       0.25550928001059453       0.10006193063424525        2.4874066694630662E-002   224.92356218421881     
          32   2.3469968750000003       -1.2909543082372117       0.43250939341461886        1.6619185351862931       0.23376057212546453        8.7115571718464721E-002   2.6197778045560359E-002   213.66890309614374     
          32   2.3540875000000003       -1.2787623613026580       0.41376502554538613        1.6080956021821531       0.21681181449469256        7.7395306320870119E-002   2.6805546427826558E-002   194.65467669025307     
          32   2.3611781250000003       -1.2677721641486961       0.39652967692138918        1.5655725386642874       0.20254313211622782        6.9777416895511452E-002   2.7102099972977151E-002   196.71275146330532     
          32   2.3682687500000004       -1.2584232188753761       0.38308005069897194        1.5147144680116715       0.19108136893514405        6.3663766043047340E-002   2.7848637774605910E-002   190.37963152703745     
          32   2.3753593750000004       -1.2464125775764794       0.36221574880892676        1.4426196537450686       0.17401450337952332        5.4933357246662887E-002   2.8739922351344788E-002   183.69769812801073     
          32   2.3824500000000004       -1.2364627084378135       0.35057604453986962        1.4126085617678310       0.16422698213200390        5.0081445081537938E-002   2.8344404734811802E-002   160.64954119452926     
          32   2.3895406250000004       -1.2265898280779839       0.33340524503197089        1.3542266938015921       0.15087872192398116        4.3779496116290922E-002   2.8804903866025643E-002   148.58633142384721     
          32   2.3966312500000004       -1.2159656704488466       0.32155107901830493        1.2947563040589596       0.14131773180564641        3.9161958711250652E-002   2.8438684623174240E-002   140.75890583105127     
          32   2.4037218750000005       -1.2084354626379137       0.30971425017239218        1.2714992824250688       0.13294003437849558        3.5767223930159735E-002   2.8863657507913140E-002   135.45049264022046     
          32   2.4108125000000005       -1.1995694113590771       0.29762309389104813        1.2098288376337050       0.12356085868154389        3.1418464151060525E-002   2.8903424723024953E-002   129.41107501985201     
          32   2.4179031250000005       -1.1901008690132899       0.28533814333625879        1.1770425148680626       0.11461007893982239        2.7747335221765011E-002   2.9062045601707512E-002   120.55058310507745     
          32   2.4249937500000005       -1.1822770068016550       0.27649873448470413        1.1449529619730507       0.10817017780024643        2.5152689186852820E-002   2.8814084702222520E-002   113.32182530224640     
          32   2.4320843750000005       -1.1747751065697092       0.26857471829551155        1.1084186939749172       0.10292508260177873        2.3191675171934399E-002   2.8453708032430802E-002   109.87199449924709     
          32   2.4391750000000005       -1.1667817906845537       0.25797725206870614        1.0749545592838730        9.5917198387765829E-002   2.0616227443998880E-002   2.8614890674861223E-002   104.20896382433753     
          32   2.4462656250000006       -1.1590479446150952       0.25056321307673018        1.0585632584682760        9.0753931410932007E-002   1.8734841760824301E-002   2.8217479683503185E-002   101.46144025041855     
          32   2.4533562500000006       -1.1511057586822968       0.24120765617163992        1.0186177363901983        8.4702925552934433E-002   1.6617834309996842E-002   2.7823300660303467E-002   93.868238892173807     
          32   2.4604468750000006       -1.1440835200915245       0.23255949489092276       0.99604699872666991        7.9125579596761475E-002   1.4801076240540551E-002   2.7594115744021236E-002   88.916621731985884     
          32   2.4675375000000006       -1.1370918419320462       0.22883249357447341       0.99913702222991307        7.6959005258267474E-002   1.4181217105447253E-002   2.7382541939646361E-002   88.163385242702716     
          32   2.4746281250000006       -1.1308280309679037       0.22158203125000001       0.95061094650221734        7.2462787647304697E-002   1.2712045239538804E-002   2.6884486991807583E-002   78.331244863597732     
          32   2.4817187500000006       -1.1239155944395687       0.21526743315885155       0.92477462674094302        6.8576556868634467E-002   1.1451251506300188E-002   2.6867271147701408E-002   73.633560805375936     
          32   2.5000000000000004       -1.1071280246990973       0.19981183785732196       0.87945588784907580        5.9953867492369681E-002   9.1366785243852406E-003   2.6003812307304350E-002   69.282774505848820     
          32   2.6000000000000005       -1.0285001488841525       0.15014952082810934       0.71104765468412978        3.4645442618290660E-002   3.3188981636509342E-003   2.0581427871928355E-002   39.826718977407857     
          32   2.7000000000000006      -0.96374269292251757       0.12347428026266299       0.60282659602460542        2.3765845475727718E-002   1.6224304009338558E-003   1.6408813339338673E-002   30.644506825383406     
          32   2.8000000000000007      -0.90812437311935812       0.10653665096853059       0.51947664736541677        1.7671780887554018E-002   9.0585073241341327E-004   1.3483988107980509E-002   26.796969453348250     
          32   2.9000000000000008      -0.85971439709754260        9.4185682046138419E-002  0.45198047421464338        1.3834093183787201E-002   5.5878594976348575E-004   1.1296624262848103E-002   25.954349228119217     
          32   3.0000000000000009      -0.81701452012286857        8.5053941120235704E-002  0.40007718452621877        1.1320969955612686E-002   3.7579118935038378E-004   9.6561915583211286E-003   25.058949394294906     
          32   3.1000000000000010      -0.77956594392552658        7.8598490784854563E-002  0.35979608889270454        9.6248689840884947E-003   2.7175420720610462E-004   8.4543233200070431E-003   24.911377369368850     
          32   3.2000000000000011      -0.74512472965772314        7.2606785199348045E-002  0.32631658293243121        8.2762139491594899E-003   2.0126188025524797E-004   7.4458036238131704E-003   24.463023722293432     
          32   3.3000000000000012      -0.71433480127883653        6.8254617367728185E-002  0.29654501730578503        7.3045985988054495E-003   1.5828958441074640E-004   6.6777188675490613E-003   24.674516793616856     
          32   3.4000000000000012      -0.68587167753259781        6.5350249968655974E-002  0.27391153362597831        6.6917300822144166E-003   1.3244527869456406E-004   6.0784120296827077E-003   24.832459051228696     
          32   3.5000000000000013      -0.66042326197342027        6.1669334174398197E-002  0.24605882904108381        5.9737461859149226E-003   1.0685108014475075E-004   5.5873653408235217E-003   24.135978713776822     
          32   3.6000000000000014      -0.63608814725426277        5.9047356914493483E-002  0.22673195022585635        5.4624201660768432E-003   8.7787311272902329E-005   5.1628796921284028E-003   24.247613625863089     
          32   3.7000000000000015      -0.61443480833124375        5.6954310196213644E-002  0.21310630906439126        5.0808083927380279E-003   7.6165309329118431E-005   4.8439791389406966E-003   24.328894623290843     
          32   3.8000000000000016      -0.59398331713891672        5.4901325068956869E-002  0.19616788723910825        4.7240554748351499E-003   6.6062353990047024E-005   4.4744974548295369E-003   24.980373627751177     
          32   3.9000000000000017      -0.57526808942452357        5.3576403037236708E-002  0.18216156001202302        4.4886971667872271E-003   5.9353067253658723E-005   4.2412605292769835E-003   25.515934626112873     
          32   4.0000000000000018      -0.55701146407973923        5.1651928441574721E-002  0.17275347959969703        4.1823261838738867E-003   5.1852631557617453E-005   4.0231511694006888E-003   25.309312674400314     
          32   4.1000000000000014      -0.54062519590020064        4.9778926623620864E-002  0.15977964380714380        3.8930366845164400E-003   4.4877037655320686E-005   3.8053677939861668E-003   26.558718961179640     
          32   4.2000000000000011      -0.52526328986960880        4.9006394182547645E-002  0.15075741198556464        3.7545895743872240E-003   4.1566307302316834E-005   3.6110650169295278E-003   25.153498479379071     
          32   4.3000000000000007      -0.51041043051028079        4.7900929350551652E-002  0.14120387593459813        3.5937294916977493E-003   3.8308824773096926E-005   3.4752247057784173E-003   25.150767495191616     
          32   4.4000000000000004      -0.49663972385907723        4.6697955193706120E-002  0.13317208465121330        3.4267491538641803E-003   3.5194141812879543E-005   3.3331889516682368E-003   25.008378015229717     
          32   4.5000000000000000      -0.48403893320586761        4.5892070743480444E-002  0.12530488495649475        3.3122643305282056E-003   3.3259989280906835E-005   3.2268504152538364E-003   24.960905036096165     
          32   4.5999999999999996      -0.47108934224548649        4.4850959127382149E-002  0.11823832773320550        3.1577878395317787E-003   2.9560901085107465E-005   3.1224454301533862E-003   26.180189659686938     
          32   4.6999999999999993      -0.45961644699724175        4.4266539853936811E-002  0.11366968289159964        3.0679212051743609E-003   2.8081149996822645E-005   3.0160493071616210E-003   24.980169090241866     
          32   4.7999999999999989      -0.44858422925025077        4.3470303488590774E-002  0.10726892542681588        2.9715849858229474E-003   2.6495455835650835E-005   2.8891417427005027E-003   24.734849816721454     
          32   4.8999999999999986      -0.43839741881895689        4.2485023429663989E-002  0.10221850750619575        2.8458203092860124E-003   2.4315673747394067E-005   2.8008212783726285E-003   24.725435137576479     
          32   4.9999999999999982      -0.42840611678786361        4.2099344909729185E-002   9.8354636689344105E-002   2.7711376622543411E-003   2.2666138498340952E-005   2.7588530007543583E-003   25.565253699306346     
          64  0.14999999999999999       -2.0000000000000000        1.0000000000000000       -3.7935087170303125E-011   1.0000000000000000        1.0000000000000000        2.6601907356848695E-033   25.000000000000000     
          64  0.25000000000000000       -2.0000000000000000        1.0000000000000000       -1.3656631381309126E-011   1.0000000000000000        1.0000000000000000        2.6601907356848695E-033   25.000000000000000     
          64  0.34999999999999998       -2.0000000000000000        1.0000000000000000       -6.9676690720964933E-012   1.0000000000000000        1.0000000000000000        2.6601907356848695E-033   25.000000000000000     
          64  0.44999999999999996       -1.9999998040997995       0.99999995102494987        7.7385006627560986E-006  0.99999990207381328       0.99999980424323420        2.3913598706276942E-011   24.984951846121398     
          64  0.54999999999999993       -1.9999954942953861       0.99999887357384654        1.1888423531037125E-004  0.99999774769770577       0.99999549759438844        5.5001277024432556E-010   25.627029168621917     
          64  0.64999999999999991       -1.9999626565242603       0.99999065800918385        7.0354472566561848E-004  0.99998132065162726       0.99996265982696408        4.5572030079184867E-009   25.434266275733069     
          64  0.74999999999999989       -1.9998096829551153       0.99995220035105314        2.7264704644640874E-003  0.99990442675597202       0.99980895766528988        2.3630749177359264E-008   25.367199750045739     
          64  0.84999999999999987       -1.9993308049147442       0.99983120748965648        7.5449817254773137E-003  0.99966252926240107       0.99932551528080404        8.5320600360580766E-008   24.226775213492104     
          64  0.94999999999999984       -1.9981798177736334       0.99953767552657979        1.6406335932158796E-002  0.99907580384519412       0.99815341661782009        2.4028572349870387E-007   24.646226815218160     
          64   1.0499999999999998       -1.9957506063111208       0.99891139482901825        3.1672142645622479E-002  0.99782455569523620       0.99565616142536650        5.8260966002691747E-007   24.968815235064671     
          64   1.1499999999999999       -1.9915773688252256       0.99781821049084751        5.3141549158461560E-002  0.99564239972811874       0.99130863788350898        1.2287402070114619E-006   24.805817006034840     
          64   1.2500000000000000       -1.9848316433676028       0.99601267180447595        8.2256027008028768E-002  0.99204360313616391       0.98415987129576954        2.3641995778665115E-006   24.699861441273590     
          64   1.3500000000000001       -1.9746464246254387       0.99322408142395935       0.12083283450458771       0.98649840503183739       0.97319617091167665        4.3304340186607073E-006   25.093181696207328     
          64   1.4500000000000002       -1.9603524930259528       0.98918155834691579       0.16938079975453207       0.97848774072758049       0.95746791485757998        7.5983074960708558E-006   24.970129210342343     
          64   1.5500000000000003       -1.9403546822106945       0.98331645326604811       0.22880799922108486       0.96692421020213193       0.93499250203873530        1.2784507543721433E-005   24.841608236633554     
          64   1.6500000000000004       -1.9142145185556669       0.97524927076150325       0.30060105488859612       0.95113310291989517       0.90473759870690196        2.1888461328172892E-005   24.599965940320597     
          64   1.7500000000000004       -1.8800590737054914       0.96404434250015669       0.38344154985253293       0.92941875300531751       0.86395741918539515        3.7454876543546003E-005   25.134736923545315     
          64   1.8500000000000005       -1.8358174131770311       0.94837565675542257       0.49291114762724492       0.89948281886106507       0.80930745778846225        6.6686913717130500E-005   25.965638977884257     
          64   1.9500000000000006       -1.7793052007585255       0.92608335259685304       0.63617321756170930       0.85775803683873042       0.73618409708628896        1.2749793862495444E-004   26.247648399851620     
          64   2.0500000000000007       -1.7068919649573722       0.89283715404024577       0.81877834230986968       0.79744415188744411       0.63681708239523593        2.7950043043399256E-004   34.141111441281510     
          64   2.1500000000000008       -1.6096805063628385       0.83576021031845538        1.1450326046315376       0.69943449741141606       0.49173420999876855        8.6578212762717678E-004   80.066479457566047     
          64   2.2335468750000000       -1.4951831324050275       0.72836796522379643        1.6773649121136349       0.53700296952946847       0.29906333180838501        4.1486573512640951E-003   530.60421211211133     
          64   2.2370921875000001       -1.4873341215051403       0.71640206263321216        1.7475266047942564       0.52140675931421654       0.28450514242596142        4.8331824693306482E-003   812.20538518566445     
          64   2.2406375000000001       -1.4797870173019056       0.69693512911782218        1.9408150464264964       0.50048031575581731       0.26852001871381964        6.2009378507372421E-003   1313.9555132587725     
          64   2.2441828125000001       -1.4740589199238341       0.69405244542220412        1.8934783080404594       0.49356611429030817       0.25963309941654295        6.0928138970382109E-003   952.28180933823069     
          64   2.2477281250000001       -1.4684522806701354       0.68582651029259656        1.9294668308906311       0.48300355716478621       0.24998633570229084        6.6890155228800105E-003   928.28906404773284     
          64   2.2512734375000001       -1.4602279984484705       0.67138928994013292        1.9691009898155376       0.46568898272251291       0.23520146241066867        7.2250683332637650E-003   1103.3195055751187     
          64   2.2548187500000001       -1.4540034654745486       0.66112009123072346        2.0332239137527393       0.45348356001475149       0.22518816434110794        7.9197079235767444E-003   1039.6885339695405     
          64   2.2583640625000001       -1.4471294498730567       0.64702158232510032        2.1052373167332452       0.43855533919100054       0.21405582688337954        8.8081278080430984E-003   1076.1325183223571     
          64   2.2619093750000001       -1.4378797280513416       0.62231217578516795        2.2081719648371827       0.41299159785091816       0.19582464947751854        1.0879097312999200E-002   1289.8438611098552     
          64   2.2654546875000001       -1.4326031316606067       0.61989104520593030        2.1710859977120247       0.40711684444603491       0.18912883083557191        1.0617348199592759E-002   1477.8971971269877     
          64   2.2690000000000001       -1.4245453401219283       0.60251773386565943        2.1870571966913235       0.38723750966960707       0.17408308773480083        1.1314457582150911E-002   920.44873256716050     
          64   2.2725453125000001       -1.4175163674617604       0.58873958300683304        2.2144305051101223       0.37378230085344227       0.16516695323158881        1.2011876125408523E-002   1045.7853126071691     
          64   2.2760906250000001       -1.4078247192750126       0.56116431570100933        2.2661683939261357       0.34593610826323001       0.14685632989389200        1.3936993167522144E-002   1119.9527406995458     
          64   2.2796359375000002       -1.4001008641157848       0.54367310917126377        2.2400744624528461       0.32849494942212654       0.13544325145853825        1.4878273967891596E-002   1335.0912041076936     
          64   2.2831812500000002       -1.3935787342496240       0.52893205985142933        2.2799683563588560       0.31530116688882337       0.12755695578327866        1.5787904828298362E-002   1134.8345750474318     
          64   2.2867265625000002       -1.3839342980112213       0.50269224421310810        2.2541955244959304       0.28937968341493558       0.11171243188563587        1.7089924451061930E-002   1252.2440518387918     
          64   2.2902718750000002       -1.3766102261863715       0.48636385229908474        2.2162021679996498       0.27448668448831753       0.10312360589915461        1.7842747479840861E-002   1401.2140517106297     
          64   2.2938171875000002       -1.3695195939380642       0.46992979671436186        2.2292401075995723       0.26042467844163403        9.5210886280956544E-002   1.8778597463188204E-002   1193.7909874575103     
          64   2.2973625000000002       -1.3628664558127508       0.45733671963155093        2.1339165597183478       0.24703839855304094        8.6603729903296664E-002   1.8553677029260009E-002   952.55098643878819     
          64   2.3009078125000002       -1.3548795311716400       0.43243441261283849        2.1086168196177963       0.22717156644570552        7.7016538592230899E-002   2.0166203763316144E-002   1103.5209393537946     
          64   2.3044531250000002       -1.3453444317326981       0.40733209148931171        2.0405089977887818       0.20475971975560892        6.5176092183354226E-002   2.1499654469831698E-002   914.91789771447361     
          64   2.3079984375000002       -1.3384788888148822       0.38653004913177030        2.0096834569617941       0.18878328748787176        5.8230102760767247E-002   2.2159059296969274E-002   947.14540834477032     
          64   2.3115437500000002       -1.3328481048614593       0.37781585723968780        1.9445633178199395       0.18143614257350488        5.4364540544903521E-002   2.1883505570888070E-002   1014.0898683148603     
          64   2.3150890625000002       -1.3250832086102056       0.35612426880250125        1.9191443844480787       0.16542365730944703        4.7672705875564950E-002   2.2877525675154130E-002   807.88702508334995     
          64   2.3186343750000002       -1.3174963121787238       0.33832955164321088        1.8311660167041617       0.15087807112137078        4.0805097570474770E-002   2.3155356828518180E-002   769.76426525372801     
          64   2.3221796875000003       -1.3121181415339769       0.33146538002679915        1.7694395296623040       0.14381315843870071        3.6980897994385309E-002   2.3251433265039249E-002   743.07298255140529     
          64   2.3257250000000003       -1.3056968512960758       0.31050280969862715        1.7643067984611787       0.13125234347886761        3.3220933002667846E-002   2.3711958828017538E-002   763.73639552244094     
          64   2.3292703125000003       -1.2995259949771190       0.29174846316292630        1.7018742782053862       0.11810563769240078        2.8109156684950971E-002   2.4550487846432850E-002   648.41339314509855     
          64   2.3328156250000003       -1.2945213570398697       0.29393953344408225        1.6193665444645289       0.11731544935117394        2.6654807117738585E-002   2.3943172880040556E-002   690.45551100564683     
          64   2.3363609375000003       -1.2880477859359327       0.27635149099642681        1.6079516091966088       0.10599348737578931        2.2909606620474563E-002   2.4285495652217711E-002   619.13456148886939     
          64   2.3399062500000003       -1.2823853885876380       0.26541088108074223        1.5355464063594735        9.8999539959275254E-002   2.0504649709366798E-002   2.3916649720347117E-002   533.59383506389668     
          64   2.3434515625000003       -1.2768723896298271       0.25405342002570208        1.4960215202674820        9.1594900326838813E-002   1.8049743080689826E-002   2.3574290740291905E-002   483.54194458715483     
          64   2.3469968750000003       -1.2719178776564066       0.24554614772050526        1.4849065291329431        8.6336561771429163E-002   1.6426210683679634E-002   2.3515368894737317E-002   518.90976760059664     
          64   2.3505421875000003       -1.2663608011534604       0.23428041693439694        1.4470536964842797        7.8414163444800261E-002   1.3630032366381150E-002   2.3856497635987149E-002   402.38776949359806     
          64   2.3540875000000003       -1.2620112534870236       0.23093319264433926        1.4165583003388242        7.6928064104546987E-002   1.3478037704257756E-002   2.3284397637808030E-002   451.39323023484332     
          64   2.3576328125000003       -1.2573757649902833       0.22315835445790497        1.3850848643077245        7.2988079322376845E-002   1.2375357202442643E-002   2.2864205290973851E-002   398.96838609638098     
          64   2.3611781250000003       -1.2521021560776078       0.21222187069019557        1.3543178127824167        6.5943202235873272E-002   1.0277084297485204E-002   2.2741885002415956E-002   367.73615365088671     
          64   2.3647234375000004       -1.2469596533741851       0.20312307772928159        1.3076261289407951        6.0774395046167169E-002   8.8992553678370161E-003   2.2905090294632207E-002   316.73063056099846     
          64   2.3682687500000004       -1.2430857269072844       0.20291401548395185        1.3279061722993086        6.1057407698157797E-002   9.0786674025704322E-003   2.2258744929489989E-002   345.15142450625694     
          64   2.3718140625000004       -1.2378302142756394       0.19625038445414369        1.2866685548572527        5.7076403280438004E-002   7.9442421468504717E-003   2.1623127371659178E-002   297.25685399085580     
          64   2.3753593750000004       -1.2337012502350801       0.18773672090490220        1.2491066520134608        5.2832203499651481E-002   7.0128975320628813E-003   2.1762783843858234E-002   319.42041957360158     
          64   2.4000000000000004       -1.2037840082748246       0.15617279083343782        1.1390997591941714        3.7157691744648461E-002   3.6886931681507388E-003   1.8785662540448760E-002   218.21265591548416     
          64   2.5000000000000004       -1.1060658048363841        9.8889674394276580E-002  0.85652421689438574        1.5209429093086372E-002   6.6313014920153931E-004   1.1542408017032523E-002   76.174244971338851     
          64   2.6000000000000005       -1.0284166219361208        7.4767307292972665E-002  0.70263920697450344        8.7001203115629686E-003   2.1926145352214044E-004   7.4604298398971364E-003   43.022324628301689     
          64   2.7000000000000006      -0.96363078493292376        6.1678357827388418E-002  0.59256933980430537        5.9269552424535106E-003   1.0272524621856469E-004   5.3208412996050428E-003   31.894939204228535     
          64   2.8000000000000007      -0.90782875971665000        5.2741402919696589E-002  0.51996145264303506        4.3535367297074020E-003   5.6081514664882761E-005   4.0621074132124509E-003   26.374187432096086     
          64   2.9000000000000008      -0.85989903303660986        4.6620341982980193E-002  0.44942178448120718        3.4269964384100022E-003   3.5379378272916355E-005   3.2574744694062290E-003   26.428054817515690     
          64   3.0000000000000009      -0.81732071213640922        4.2614868531375374E-002  0.39733289205505978        2.8481215328247161E-003   2.4326778094357819E-005   2.7351518502991309E-003   25.762435682798479     
          64   3.1000000000000010      -0.77938542189067206        3.9324626712167750E-002  0.35636978216854809        2.4293962129977426E-003   1.7705014437763089E-005   2.3182078083561364E-003   25.216116421490653     
          64   3.2000000000000011      -0.74504228016079488        3.6351400392583999E-002  0.32383040041768935        2.0673291554063589E-003   1.2570651688168849E-005   2.0268830716463019E-003   25.515626959602677     
          64   3.3000000000000012      -0.71451752719094785        3.4294570723890423E-002  0.29289565851239052        1.8418037843560742E-003   1.0091817945727133E-005   1.8047121918555462E-003   24.807945255744592     
          64   3.4000000000000012      -0.68606867967182794        3.2537015342903708E-002  0.26709710362325145        1.6524264303109828E-003   8.0759046224520370E-006   1.6016340299191887E-003   24.239521596078635     
          64   3.5000000000000013      -0.65996426780341022        3.0817758451134655E-002  0.24758325307722540        1.4919226423070328E-003   6.7088390383896220E-006   1.4694591817706500E-003   25.560764054477215     
          64   3.6000000000000014      -0.63636262792283105        2.9603875101868106E-002  0.22826603982044427        1.3725999365359874E-003   5.6656619433064315E-006   1.3359487377098593E-003   24.769976959903385     
          64   3.7000000000000015      -0.61442033620392422        2.8392673136597293E-002  0.21171515970385130        1.2680067819960737E-003   4.8553412489401037E-006   1.2528922593096374E-003   25.648873044433607     
          64   3.8000000000000016      -0.59396326185588011        2.7464657155058927E-002  0.19752561012111688        1.1833290817027345E-003   4.1998845161284284E-006   1.1676326662121712E-003   25.295225960298289     
          64   3.9000000000000017      -0.57509746034979936        2.6516916472072466E-002  0.18125384380662074        1.1062787731767538E-003   3.6968485844968492E-006   1.1023850637205998E-003   24.254186508566473     
          64   4.0000000000000018      -0.55748123276078232        2.5719651630673270E-002  0.17216247781180150        1.0381180101794488E-003   3.1977044152563231E-006   1.0445159005871363E-003   25.404537501667100     
          64   4.1000000000000014      -0.54063479501003009        2.5086698082528835E-002  0.15958937698055695        9.8752662793564106E-004   2.8979465830407147E-006   9.7938516801732199E-004   25.344194412406729     
          64   4.2000000000000011      -0.52535191022285610        2.4468314611804161E-002  0.15114885607646136        9.3633505023470371E-004   2.5961872741290146E-006   9.3344857753931696E-004   25.273708329900852     
          64   4.3000000000000007      -0.51053269672298141        2.3923540641455618E-002  0.14096526982158011        9.0227767361800669E-004   2.4522761364921368E-006   8.8684710362726873E-004   25.558918996806657     
          64   4.4000000000000004      -0.49670317103654715        2.3249558245047642E-002  0.13456924283427513        8.4936422713422248E-004   2.1617984434113317E-006   8.4970704602208643E-004   24.628834139749063     
          64   4.5000000000000000      -0.48365908271690072        2.2958119965364846E-002  0.12645248200682094        8.2830602570307043E-004   2.0531444192769711E-006   8.1947931065533687E-004   24.207115439176999     
          64   4.5999999999999996      -0.47146245866505765        2.2521446174460884E-002  0.12072471010120515        7.9405683213275074E-004   1.8599436328066408E-006   7.8722150355706232E-004   24.845807358446276     
          64   4.6999999999999993      -0.45987890429099798        2.2025402379012037E-002  0.11232341327684005        7.6424521931195801E-004   1.7578564306319976E-006   7.6581898908012925E-004   24.984199352511240     
          64   4.7999999999999989      -0.44873034631237463        2.1610987748401454E-002  0.10802845990233853        7.3236520574946576E-004   1.6161377003481196E-006   7.3492592753533043E-004   24.982397685678436     
          64   4.8999999999999986      -0.43817073779933552        2.1485697326354063E-002  0.10375719046195921        7.2671649687986069E-004   1.5900547262900255E-006   7.0994721587485570E-004   24.823758703784762     
          64   4.9999999999999982      -0.42799247351429287        2.0987400678598295E-002   9.6935495365234728E-002   6.9268281863948164E-004   1.4305747437377266E-006   6.9817088034958156E-004   24.616084888033711     
         128  0.14999999999999999       -2.0000000000000000        1.0000000000000000       -1.5174034868121250E-010   1.0000000000000000        1.0000000000000000        3.9207438577326578E-033   25.000000000000000     
         128  0.25000000000000000       -2.0000000000000000        1.0000000000000000       -5.4626525525236502E-011   1.0000000000000000        1.0000000000000000        3.9207438577326578E-033   25.000000000000000     
         128  0.34999999999999998       -2.0000000000000000        1.0000000000000000       -2.7870676288385973E-011   1.0000000000000000        1.0000000000000000        3.9207438577326578E-033   25.000000000000000     
         128  0.44999999999999996       -1.9999998775623746       0.99999996939059366        4.8358020463144249E-006  0.99999993878492377       0.99999987758479170        3.7364997978569539E-012   24.962373953846061     
         128  0.54999999999999993       -1.9999965717464894       0.99999914293662240        9.0675613324862748E-005  0.99999828597861395       0.99999657237865303        1.0414791226434880E-010   24.661088741601276     
         128  0.64999999999999991       -1.9999648665233982       0.99999119367379485        6.6311171969162734E-004  0.99998238850328902       0.99996478162873137        1.0829190905880848E-009   25.378080813474689     
         128  0.74999999999999989       -1.9998092360577828       0.99995208709624972        2.7222621548983706E-003  0.99990418242587664       0.99980839777842312        5.9643718530732133E-009   24.993509626822085     
         128  0.84999999999999987       -1.9993285153311497       0.99983055857024195        7.6430732352863991E-003  0.99966116762209078       0.99932253709507901        2.1406923002289536E-008   24.808201204354347     
         128  0.94999999999999984       -1.9981536344874467       0.99953107919951256        1.6674231559066739E-002  0.99906243904490943       0.99812599988378881        6.1347609881080190E-008   25.487285257446896     
         128   1.0499999999999998       -1.9957912005058143       0.99892122963127661        3.1684311749911757E-002  0.99784376866771729       0.99569276796228312        1.4446674525311514E-007   25.098384702457082     
         128   1.1499999999999999       -1.9916033500893304       0.99782486803672732        5.3135145741572021E-002  0.99565477193694707       0.99132963805141006        3.0583297429427007E-007   25.251440231271189     
         128   1.2500000000000000       -1.9848531434146188       0.99601917936426465        8.2675326530405130E-002  0.99205479867748891       0.98417507637789858        5.9647288067052749E-007   24.911017342863055     
         128   1.3500000000000001       -1.9747113777857008       0.99324224198474331       0.12152429187546437       0.98653123404946519       0.97324814756484845        1.0766941889840701E-006   25.446202364315518     
         128   1.4500000000000002       -1.9603005304977432       0.98916621997339671       0.16960205394855141       0.97845170458623665       0.95737514843408067        1.8873100353892046E-006   24.676931247292387     
         128   1.5500000000000003       -1.9405033092441386       0.98335080008090681       0.22763133948177808       0.96698202029460945       0.93506669486215321        3.2176540692367976E-006   24.951987250969427     
         128   1.6500000000000004       -1.9141942183973797       0.97523191828904687       0.30333098662402264       0.95108281579671972       0.90457951928842384        5.5189024810410055E-006   24.694492164020804     
         128   1.7500000000000004       -1.8799737530462481       0.96401894281477241       0.38990347656937346       0.92934204749800375       0.86371202739714914        9.3290612205604831E-006   24.594288497229861     
         128   1.8500000000000005       -1.8359408486690540       0.94840043200891733       0.49870492578967113       0.89948017131854796       0.80912493686130094        1.6615062903483674E-005   24.769059624948138     
         128   1.9500000000000006       -1.7795862257181700       0.92617441251978594       0.63720379324037268       0.85783139159239696       0.73598551669503687        3.1725572869751906E-005   27.019631054883142     
         128   2.0500000000000007       -1.7067330164321088       0.89271689274366062       0.84573329697674848       0.79701788764757098       0.63547393816775521        7.2122969159667190E-005   35.805052495453872     
         128   2.1500000000000008       -1.6097978322173552       0.83582867437762509        1.1354892498531457       0.69884267381113108       0.48902551252400178        2.3165668903892336E-004   86.047022132005040     
         128   2.2512734375000001       -1.4601948607051625       0.66520610415230064        2.0962720601163247       0.44905687921802878       0.21040701971498255        4.0566632890870627E-003   2472.7638258410552     
         128   2.2530460937500001       -1.4564580521349204       0.65778724417882550        2.1251039879330356       0.43989033293662777       0.20271537014358165        4.1410810657890691E-003   2413.2752780742539     
         128   2.2548187500000001       -1.4532170118754701       0.65380785300236643        2.1010321550269859       0.43386866607840585       0.19690306659490009        4.1923374300807427E-003   2273.8969735872656     
         128   2.2565914062500001       -1.4500975093248496       0.64930234122778496        2.1304757179568550       0.42788566402612682       0.19183986731172351        4.3038382599385376E-003   1535.2768946195092     
         128   2.2583640625000001       -1.4438882749322186       0.62132763035199345        2.3319674977061000       0.39965039086691589       0.17336721029510802        6.1478410556806461E-003   5039.3237650055735     
         128   2.2601367187500001       -1.4409163035982948       0.61429307453610837        2.3120957602252799       0.39129528621120102       0.16724291550794723        6.8744613241312038E-003   4358.1724677443826     
         128   2.2619093750000001       -1.4367239964522474       0.60559709217985991        2.3365103023686435       0.37987286115295010       0.15804214456325685        6.4702542889066936E-003   3530.7094545286668     
         128   2.2636820312500001       -1.4324255664944050       0.59078042844353373        2.4416795108192910       0.36607828752671107       0.15018892211911458        7.9836189650199559E-003   4568.0600464992458     
         128   2.2654546875000001       -1.4284241396063189       0.58030486723843400        2.4332466212942769       0.35465056378106652       0.14176402784979406        8.1781215802626105E-003   9330.9267485226665     
         128   2.2672273437500001       -1.4241831573823032       0.57058743674872270        2.4565422933231198       0.34248276485939139       0.13292243440360119        8.5832351586148138E-003   4241.4806475575815     
         128   2.2690000000000001       -1.4202512199684993       0.55632628782343119        2.5044341323074684       0.33054640065531132       0.12650761615749470        9.7038993942993729E-003   4044.4476635899437     
         128   2.2707726562500001       -1.4163708900137915       0.55237943138497525        2.4692583788639388       0.32314487789069096       0.12029334344457313        9.2411366706624826E-003   4257.3469268727031     
         128   2.2725453125000001       -1.4104678966097510       0.51905489723565224        2.5960004578559697       0.29523182149001265       0.10627515194603308        1.1329026661083867E-002   4298.3070534030212     
         128   2.2743179687500001       -1.4074359553269182       0.51716967920362655        2.4581405078267533       0.29070551282125584       0.10156882336306890        1.0561355286789071E-002   5185.6350222685605     
         128   2.2760906250000001       -1.4010456234425934       0.48014897965380515        2.5889426792800880       0.26061233190918637        8.7859633968083689E-002   1.3185392212678339E-002   5102.4975088456858     
         128   2.2778632812500001       -1.3958849448736836       0.45922840543113719        2.5445536098820720       0.24112647070045934        7.7578350289842626E-002   1.5009376624217302E-002   5912.8642064960304     
         128   2.2796359375000002       -1.3921952196922800       0.45181992816829397        2.5174855297148748       0.23298165824753769        7.2396902459967549E-002   1.4685008426429886E-002   4515.8696885735053     
         128   2.2814085937500002       -1.3870393529220475       0.42323030492845726        2.5380391263824365       0.21259355292680748        6.4362827275694562E-002   1.6746032874514195E-002   4291.9603556609745     
         128   2.2831812500000002       -1.3827972810031657       0.40665030981616723        2.5290696284829579       0.19904012351166997        5.8038699123201504E-002   1.6951822375980256E-002   4568.0586510597532     
         128   2.2849539062500002       -1.3804992798218876       0.40921165290304506        2.5188674373655973       0.20142767748411522        5.9115125433588961E-002   1.6114898936384663E-002   5707.3696589092169     
         128   2.2867265625000002       -1.3754190733822562       0.38953273700496022        2.4351898592825445       0.18341706942135436        5.0408409296491319E-002   1.7049724642300975E-002   5887.3557271679920     
         128   2.2884992187500002       -1.3698758262090960       0.35027405519782001        2.3706401120478735       0.15632611022199108        4.0337905489764320E-002   2.0208631582047349E-002   4657.5291332572706     
         128   2.2902718750000002       -1.3653063438361961       0.33183342446773917        2.3346438305710806       0.14304808064914096        3.5319609632713772E-002   1.9236841620574270E-002   4822.9348762424524     
         128   2.2920445312500002       -1.3624643216759653       0.32929553736894279        2.2890612286544116       0.14100009673718761        3.4073461200782765E-002   1.8188278931794616E-002   3841.2981606831522     
         128   2.2938171875000002       -1.3584349483998872       0.31328436297662521        2.1940093227711328       0.12925042719986576        2.9678198505827518E-002   1.9632389366600583E-002   3619.5697674054231     
         128   2.2955898437500002       -1.3528107822001161       0.28392576716967310        2.0558622061708571       0.10774338154706994        2.2043052282656125E-002   1.9892518484354853E-002   2733.7721093368777     
         128   2.2973625000000002       -1.3510921007651862       0.29286891436026830        2.0984519264135635       0.11480587401848619        2.4261052346902231E-002   1.9191456569607433E-002   3474.3341460691404     
         128   2.2991351562500002       -1.3475563837508620       0.28214781980217996        2.0881238563517077       0.10802398024083917        2.2258591283989979E-002   1.9723936512608554E-002   3098.5194696189874     
         128   2.3009078125000002       -1.3430101890143085       0.25716837095759937        1.9544494096992413        9.2169556284366294E-002   1.7331115763160865E-002   2.1297230851026295E-002   2721.9803665162117     
         128   2.3026804687500002       -1.3394029439392396       0.24921794191167251        1.9257609694726971        8.6464988156301201E-002   1.5352779203014463E-002   1.9840789090913469E-002   2152.2117146151008     
         128   2.3044531250000002       -1.3369851681509373       0.24802874504862243        1.8774533402577331        8.5376931848368767E-002   1.4875851131416453E-002   1.9926601451516496E-002   2724.0706002127536     
         128   2.3062257812500002       -1.3337435646784102       0.23880205374424054        1.8098753509575398        7.9599065481943856E-002   1.3166318039218560E-002   1.9812338291113306E-002   2124.2518811294285     
         128   2.3079984375000002       -1.3299772486404526       0.22410574925459972        1.8354819928191546        7.1938638681678491E-002   1.1507080198860306E-002   1.8560153011988077E-002   2262.5067123211215     
         128   2.3097710937500002       -1.3269460481052533       0.21838911509920386        1.8082372435219602        6.8297535156384634E-002   1.0381874855129123E-002   1.9228534806166701E-002   1947.2338154248416     
         128   2.3115437500000002       -1.3236566878369485       0.20522089645401048        1.7474159366431119        6.1540947555225253E-002   8.8425867520218974E-003   1.9353922214275971E-002   1947.3487497143517     
         128   2.3133164062500002       -1.3204669060893619       0.20244885045762287        1.7415660534201727        5.9582027814602298E-002   8.1945145661475628E-003   1.8778166290051818E-002   1978.5751526210081     
         128   2.3150890625000002       -1.3180496812703737       0.19980741479810527        1.6851403778623706        5.7697460747724666E-002   7.5812489293384773E-003   1.9547815935851705E-002   1654.0408074726777     
         128   2.3168617187500002       -1.3143650739817108       0.18356960530027583        1.6092964735761390        5.0336224031274988E-002   6.1886471701679824E-003   1.8672521308828755E-002   1425.8445005340843     
         128   2.3186343750000002       -1.3116252688730252       0.17714518065916499        1.6371251493273626        4.6670967503380748E-002   5.4422973678305338E-003   1.8630841156722547E-002   1580.9501522604614     
         128   2.3204070312500003       -1.3086475552144716       0.17609194159627320        1.6265513220513117        4.6127968566976076E-002   5.2588309573519355E-003   1.6800677838502087E-002   1849.5877282545989     
         128   2.3221796875000003       -1.3055485793317452       0.16430931894805512        1.5957112478300182        4.1226342947053213E-002   4.5497820040677171E-003   1.8103098262780642E-002   1307.7364269161233     
         128   2.4000000000000004       -1.2040278611714048        7.7896819119467775E-002   1.1268097006256501        9.5064468278270309E-003   2.6597394010039876E-004   7.6031590040309457E-003   216.66353566132540     
         128   2.5000000000000004       -1.1061831551784258        4.9340465243386408E-002  0.85408819355471255        3.8167259682982471E-003   4.3044180902384452E-005   3.5252853769431481E-003   76.840245336538132     
         128   2.6000000000000005       -1.0282337735863842        3.7242544283240343E-002  0.69651401050418771        2.1733189201582157E-003   1.4089236884671491E-005   2.0842728833257045E-003   40.979466096013816     
         128   2.7000000000000006      -0.96356179745290560        3.0564450308934617E-002  0.60245878295169319        1.4690943843233908E-003   6.5432984979257135E-006   1.4229592153875037E-003   31.265264234018332     
         128   2.8000000000000007      -0.90810532182484960        2.6566745524659919E-002  0.52210496879973989        1.1006978343249324E-003   3.5415718568774771E-006   1.0849451629387301E-003   26.448815482773973     
         128   2.9000000000000008      -0.85987557398758774        2.3327964239397880E-002  0.45259153794162382        8.5353033884298592E-004   2.1844274273421868E-006   8.4904768637575746E-004   26.368210783786409     
         128   3.0000000000000009      -0.81729973244930099        2.1168990981734265E-002  0.40218719538749820        7.0229748239667865E-004   1.4665579910173507E-006   6.9823695000872607E-004   26.336953471049569     
         128   3.1000000000000010      -0.77926423925095600        1.9449268826988778E-002  0.35790071332283108        5.9576506278997911E-004   1.0576683928362087E-006   5.9461793834077149E-004   24.722024624044096     
         128   3.2000000000000011      -0.74523224825844725        1.8142485929468093E-002  0.32419536423621387        5.1770232722477059E-004   8.1381883353167556E-007   5.1689874724060903E-004   25.041916937450853     
         128   3.3000000000000012      -0.71424072632937874        1.7036203826322718E-002  0.29188271830599249        4.5617566693391100E-004   6.2291090577016530E-007   4.5195299156301045E-004   25.700491916750440     
         128   3.4000000000000012      -0.68600218379748623        1.6325168743535293E-002  0.26853136629489993        4.1843724503380842E-004   5.2040078550469803E-007   4.1055060279574537E-004   26.191932907549869     
         128   3.5000000000000013      -0.66018623497445461        1.5386056852197216E-002  0.24383488562624639        3.7191786626755534E-004   4.1274019145288367E-007   3.7203318289954200E-004   24.222733676183605     
         128   3.6000000000000014      -0.63636516850355751        1.4785852307900263E-002  0.22740221744393485        3.4427472400509843E-004   3.5589171516498626E-007   3.4442699401651114E-004   24.950854107495086     
         128   3.7000000000000015      -0.61431320940360146        1.4207129444975552E-002  0.21204312075477999        3.1693064446076225E-004   3.0296389549153190E-007   3.1570707399199063E-004   24.597642548119005     
         128   3.8000000000000016      -0.59390175531477241        1.3706616676200477E-002  0.19784284550279937        2.9524723245363414E-004   2.6230083354686058E-007   2.9362595486508809E-004   24.852871479266700     
         128   3.9000000000000017      -0.57491105518704555        1.3281935650702107E-002  0.18278695257962232        2.7607935541491569E-004   2.2573365721958834E-007   2.7437669022021676E-004   25.900249174292995     
         128   4.0000000000000018      -0.55732453096594470        1.2795922557712199E-002  0.16937760935204829        2.5785758964336263E-004   1.9910390919787070E-007   2.6082886334869576E-004   24.104949704994215     
         128   4.1000000000000014      -0.54073382868331554        1.2521870420832810E-002  0.16254705270489322        2.4699229885307453E-004   1.8277848427844261E-007   2.4510281088522423E-004   25.036564210231116     
         128   4.2000000000000011      -0.52515021872257395        1.2282345694309490E-002  0.15229702584413890        2.3646387818046174E-004   1.6721024511640511E-007   2.3448116766420100E-004   24.786467239253753     
         128   4.3000000000000007      -0.51060045982674584        1.1939009166170387E-002  0.14154539013231562        2.2287208478572734E-004   1.4867408207037365E-007   2.2350839530485434E-004   24.444112063895986     
         128   4.4000000000000004      -0.49670629319599424        1.1697883567695274E-002  0.13435222648314596        2.1477369414110001E-004   1.3801964977316666E-007   2.1553284391082658E-004   24.336858210732519     
         128   4.5000000000000000      -0.48374974165661044        1.1449509661797894E-002  0.12639491260643448        2.0615867186812243E-004   1.2886609428757023E-007   2.0910222569299524E-004   24.917710302366551     
         128   4.5999999999999996      -0.47150571587810308        1.1283839310901454E-002  0.12043286049184299        1.9897066706879327E-004   1.1729829168973477E-007   1.9810022898672581E-004   25.318963641496961     
         128   4.6999999999999993      -0.45982152389786546        1.1019263846226179E-002  0.11249157836325001        1.9029926362941591E-004   1.0804126029656229E-007   1.9107772191936394E-004   25.693128655219066     
         128   4.7999999999999989      -0.44871974933589831        1.0805913223067641E-002  0.10768536047149979        1.8386020247591892E-004   1.0382402794396765E-007   1.8594711622391970E-004   25.405861672992529     
         128   4.8999999999999986      -0.43819660886957751        1.0675774271055354E-002  0.10283589073597545        1.7865950142667667E-004   9.5260249499044281E-008   1.7977454295539774E-004   24.919802154006359     
         128   4.9999999999999982      -0.42824935989609453        1.0525769814325790E-002   9.6731880105715609E-002   1.7488465019489601E-004   9.2438621035389764E-008   1.7420860375941721E-004   24.986843538817094     
