          16  0.14999999999999999       -2.0000000000000000        1.0000000000000000       -2.3709429481439453E-012   1.0000000000000000        1.0000000000000000        2.5518571763130875E-033   25.000000000000000     
          16  0.25000000000000000       -2.0000000000000000        1.0000000000000000       -8.5353946133182035E-013   1.0000000000000000        1.0000000000000000        2.5518571763130875E-033   25.000000000000000     
          16  0.34999999999999998       -2.0000000000000000        1.0000000000000000       -4.3547931700603083E-013   1.0000000000000000        1.0000000000000000        2.5518571763130875E-033   25.000000000000000     
          16  0.44999999999999996       -1.9999992163991975       0.99999980409979938        3.0956292339620230E-005  0.99999960973006907       0.99999922553428566        1.5304703172016023E-009   24.996238244539338     
          16  0.54999999999999993       -1.9999976491975928       0.99999941229939815        6.2165304696505181E-005  0.99999882919020733       0.99999767660285710        4.5914109516047989E-009   24.988714167614237     
          16  0.64999999999999991       -1.9999639543630892       0.99999098859077229        6.8173367496106969E-004  0.99998204758317921       0.99996437457714271        7.0401634591273764E-008   24.826763766713839     
          16  0.74999999999999989       -1.9998189882146440       0.99995455115346044        2.5761948166560830E-003  0.99990946349791554       0.99982036011426167        3.6072499439548691E-007   24.989526467208595     
          16  0.84999999999999987       -1.9993186591023069       0.99982741192326985        7.7290033669789385E-003  0.99965627932381118       0.99931832822170497        1.4144909401860873E-006   24.388593547472240     
          16  0.94999999999999984       -1.9981651987211635       0.99953454112337015        1.6616831170583705E-002  0.99907314411496206       0.99816238144683522        3.8389941961529103E-006   24.770727003446506     
          16   1.0499999999999998       -1.9958214487211634       0.99893116850551655        3.1441956309836566E-002  0.99787267074661479       0.99578620738115387        9.0675289532453163E-006   25.333574640937783     
          16   1.1499999999999999       -1.9916205648194585       0.99783138477933797        5.3043697807558285E-002  0.99568701526944103       0.99146963398036736        1.9545905843535229E-005   24.970908291149350     
          16   1.2500000000000000       -1.9848490784854564       0.99602087512537618        8.2623156832647524E-002  0.99209546669794535       0.98440195154809684        3.7393924099013313E-005   24.851710928724639     
          16   1.3500000000000001       -1.9748091932046139       0.99327317891173517       0.12045726766538208       0.98666021257130765       0.97376542499769048        6.8217161941999701E-005   25.400927758412706     
          16   1.4500000000000002       -1.9602922047392177       0.98916358450351050       0.16769242083954275       0.97856433068737458       0.95804915812535352        1.1896646926995773E-004   24.911353776204429     
          16   1.5500000000000003       -1.9402606256268806       0.98328148508024071       0.23106462496055355       0.96705365424887935       0.93599105116144310        2.0255984710829036E-004   25.469359386762747     
          16   1.6500000000000004       -1.9143630109077232       0.97527523978184549       0.30373216096905742       0.95151792199107077       0.90670414712801273        3.3782608898028619E-004   25.337717753280035     
          16   1.7500000000000004       -1.8796279463390171       0.96381880015045140       0.39423444858148243       0.92956509910591145       0.86630203712174858        5.7167929208319461E-004   25.251477125896233     
          16   1.8500000000000005       -1.8357929256519558       0.94839440195586755       0.49912822183321676       0.90051016697553599       0.81453683105266561        9.5880410862827592E-004   24.918019484266129     
          16   1.9500000000000006       -1.7792859045887663       0.92606021188565701       0.63347045382575651       0.85962756739456647       0.74530180305104288        1.7332131570306597E-003   25.829593888553276     
          16   2.0500000000000007       -1.7066386659979940       0.89272015264543636       0.83582593570907115       0.80144386865430273       0.65438925684864069        3.2539111486467698E-003   26.618920752352182     
          16   2.1271875000000002       -1.6338292220411235       0.85169982604062189        1.0502863191522405       0.73565710100271509       0.56268022523318584        5.8287602234017152E-003   35.519587087690397     
          16   2.1413687500000003       -1.6193643430290872       0.84293858136910738        1.0834465823561414       0.72210442668337038       0.54476263305357275        6.4104136780953318E-003   38.009785334425750     
          16   2.1555500000000003       -1.6044798457873621       0.83349717120110334        1.1227377666920646       0.70734916082475940       0.52538517784474859        7.0860463281427729E-003   38.772959997338901     
          16   2.1697312500000003       -1.5873279996238716       0.82210929663991972        1.1751048880654682       0.69064837946456559       0.50498364628960513        7.9254259253290285E-003   39.938929757170207     
          16   2.1839125000000004       -1.5709045104062187       0.80979971163490472        1.2295519865943219       0.67342787334170473       0.48482545258210169        8.9373939229180372E-003   41.617316648402920     
          16   2.1980937500000004       -1.5523790120361083       0.79674100426278838        1.2847739027591336       0.65471203956106594       0.46249526385890471        9.7975728185105675E-003   42.910464380980414     
          16   2.2122750000000004       -1.5338452858575726       0.78128859233951853        1.3367328941454448       0.63364128181664126       0.43917050352562947        1.1068678434325529E-002   44.958502872661896     
          16   2.2264562500000005       -1.5173614593781344       0.76955926372868610        1.3685997086084865       0.61723955894783955       0.42046232319342619        1.1766166593542651E-002   43.368465414934263     
          16   2.2406375000000005       -1.4956835349799398       0.75081945053911736        1.4095327013294723       0.59278717041015627       0.39457655289185156        1.3496294656887007E-002   43.734176776082315     
          16   2.2548187500000005       -1.4740690822467402       0.73170977777081248        1.4305532606204476       0.56839588743035740       0.36948249006509376        1.5161962398468768E-002   47.452869420862868     
          16   2.2690000000000006       -1.4530803347542627       0.71321621113340017        1.4935819843503344       0.54479900884293497       0.34600692625711471        1.6385833682095317E-002   45.513957663386371     
          16   2.2831812500000006       -1.4316296545887663       0.69321538835255769        1.5291526106570088       0.52083437354299222       0.32330394925833600        1.7997180039462414E-002   46.982356511096150     
          16   2.2973625000000006       -1.4098859077231696       0.67260316104563689        1.5444401488884765       0.49633306811303046       0.30039396296557014        1.9458669486432465E-002   46.475967866617943     
          16   2.3115437500000007       -1.3873131112086259       0.64989245078986957        1.5673320632675676       0.46961639465515687       0.27639652503030365        2.1345638404237231E-002   45.048334170621992     
          16   2.3257250000000007       -1.3651642427281845       0.63086427250501509        1.5540064333529804       0.44700001340691997       0.25570417923643557        2.2303782486575170E-002   47.057028256262534     
          16   2.3399062500000007       -1.3440411076980943       0.60930878573219660        1.5528696171740097       0.42292834313487337       0.23544916572495769        2.3908922371197839E-002   44.954524490174094     
          16   2.3540875000000008       -1.3226268649699098       0.58730566700100306        1.5254617424683914       0.39855113742105219       0.21496902658634912        2.5578516252475075E-002   44.462025857576329     
          16   2.3682687500000008       -1.3020299178786359       0.56523515860080242        1.4926758526855763       0.37468642193670854       0.19574614490738274        2.6821146327004948E-002   43.872779674687848     
          16   2.3824500000000008       -1.2803539524824474       0.54283573376379135        1.4527834101154202       0.35110471337107024       0.17764220630596864        2.8323018900433931E-002   41.882473118015994     
          16   2.3966312500000009       -1.2601872022316951       0.52271678316198600        1.4336669634713386       0.32990615676374824       0.16141818788700335        2.9392842840196297E-002   40.432302203231608     
          16   2.4108125000000009       -1.2397540277081243       0.50036613747492475        1.3692811676711762       0.30723678757218920       0.14483999267356878        3.0588182325339941E-002   40.499279791204948     
          16   2.4249937500000009       -1.2210181325225677       0.48113402708124375        1.3264424801999253       0.28809775885273003       0.13122543954069060        3.1724465426346195E-002   38.799824605019836     
          16   2.4391750000000010       -1.2036668599548646       0.46352612525075226        1.2810829308179226       0.27120634976217717       0.11959460582079715        3.2620649135857091E-002   37.698721959637012     
          16   2.4533562500000010       -1.1852996489468406       0.44313311026830493        1.2373355262800145       0.25214291097168456       0.10720953068769758        3.3397010431234463E-002   37.042442776200247     
          16   2.4675375000000010       -1.1680310462637913       0.42578536390421262        1.1864411603295943       0.23563769770003368        9.6450904525401684E-002   3.4032981342936856E-002   37.565400064693634     
          16   2.4817187500000011       -1.1506229626379136       0.40695171451855566        1.1322177526036232       0.21866140107333717        8.5966348300389975E-002   3.4953782728952852E-002   34.520451001754935     
          16   2.4959000000000011       -1.1351413615847543       0.39308981632397194        1.0716550911576623       0.20552128492410826        7.7329587314087317E-002   3.4924909903738380E-002   33.044435259479727     
          16   2.5100812500000012       -1.1205863684804414       0.37962206933299902        1.0487760584119239       0.19398212337206933        7.0953223404055132E-002   3.5278233385862064E-002   32.713866060215700     
          16   2.5242625000000012       -1.1068369170010031       0.36611964800651958       0.98370474477217396       0.18173356587095268        6.3437052672203911E-002   3.5728218453120811E-002   31.299002053966735     
          16   2.5384437500000012       -1.0926517834754264       0.35206145781093279       0.93582635215346899       0.17009375752991396        5.7242555001520791E-002   3.6348295383665824E-002   30.968579181321797     
          16   2.5526250000000013       -1.0792138133149449       0.33925585349799398       0.90471073527169998       0.15977192288535527        5.1877469957573571E-002   3.6176386748215716E-002   30.144360355647926     
          16   2.5668062500000013       -1.0662044727933802       0.32766835663239718       0.88193132533898300       0.15025034056025496        4.7010270745933440E-002   3.6031119484628352E-002   29.664889747728829     
          16   2.5809875000000013       -1.0544708343781344       0.31707995078986961       0.83548565903560112       0.14185564659065086        4.2718963279905417E-002   3.6110141048148227E-002   28.721633324863227     
          16   2.5951687500000014       -1.0429981350300903       0.30830616850551656       0.81102977965379497       0.13500268873025326        3.9251004418389968E-002   3.6283848434699673E-002   28.617912214491053     
          16   2.6093500000000014       -1.0317084064694082       0.29833778679789369       0.77303433068740812       0.12701746750260545        3.5396389760088208E-002   3.6128713395863175E-002   28.420340210458768     
          16   2.6235312500000014       -1.0207697310682047       0.29014974611334005       0.75688572152471689       0.12073725448807358        3.2442724917349265E-002   3.5646899745490741E-002   27.603399522287752     
          16   2.6377125000000015       -1.0100931701354061       0.28095517019809430       0.74092189326510438       0.11459965069769856        3.0073823599255041E-002   3.5715366169701189E-002   27.981292660991375     
          16   2.6518937500000015       -1.0010970411233702       0.27380971038114343       0.70089831232966016       0.10853731237658287        2.7043805015063212E-002   3.5258036885292256E-002   27.124494057498204     
          16   2.6660750000000015      -0.99111749310431296       0.26728603780090271       0.67837297469389868       0.10394667431248825        2.5082266276633160E-002   3.4894740207234758E-002   26.276071503994498     
          16   2.6802562500000016      -0.98092323846539620       0.25969999843279840       0.65557249028225872        9.8702003532570359E-002   2.2910886209779449E-002   3.4798581537080937E-002   25.610562596102376     
          16   2.6944375000000016      -0.97196824849548646       0.25465125846288866       0.63854244635594215        9.4985816519382357E-002   2.1396804925936125E-002   3.4590269208532164E-002   26.198767958782121     
          16   2.7000000000000002      -0.96740730002507525       0.25091818424022067       0.63365389986401388        9.2834988424746898E-002   2.0654588985680008E-002   3.4306770032015765E-002   26.437998742299811     
          16   2.8000000000000003      -0.91074316700100300       0.21475735801153462       0.53088479227008045        6.9316336766647599E-002   1.2276879097675995E-002   3.1772238384999568E-002   24.976339848849818     
          16   2.9000000000000004      -0.86067029212637913       0.18854238496740219       0.46153582941726667        5.4143930509791091E-002   7.8285015905565514E-003   2.9466131694175071E-002   25.103672238816703     
          16   3.0000000000000004      -0.81756245298395180       0.17236573000250752       0.40355905126484332        4.5632060671761378E-002   5.7318762601460647E-003   2.6775368047336202E-002   24.469146232043901     
          16   3.1000000000000005      -0.77912996802908729       0.15857553128134402       0.36279996735268905        3.8593981713206021E-002   4.1431002614976710E-003   2.4637039567985713E-002   23.756600972595880     
          16   3.2000000000000006      -0.74470364217652962       0.14635449316700100       0.32705015765012263        3.3107444587179506E-002   3.0918479996099096E-003   2.2816137612655836E-002   25.385658550581660     
          16   3.3000000000000007      -0.71334119546138419       0.13634634371865598       0.29652493594967327        2.8929777920186337E-002   2.3941266400890880E-003   2.1135699163775237E-002   24.832132055511913     
          16   3.4000000000000008      -0.68637396564694086       0.13022387474924774       0.26919844765498507        2.6297192970513101E-002   1.9743596402593817E-003   1.9944685605911429E-002   25.729507033149513     
          16   3.5000000000000009      -0.66010296514543632       0.12317342652958876       0.24887891176189514        2.3740462721171324E-002   1.6505035813692340E-003   1.8513845107184491E-002   24.295317600842250     
          16   3.6000000000000010      -0.63519817264292877       0.11815505109077232       0.22975953237240457        2.1779500182676936E-002   1.3753650529700571E-003   1.7418312160980103E-002   25.770214369843337     
          16   3.7000000000000011      -0.61316370987963886       0.11376727839769307       0.21267592533234428        2.0196219456709973E-002   1.1823442710401002E-003   1.6495667521432722E-002   24.675697358519809     
          16   3.8000000000000012      -0.59400114405717153       0.11022501097041124       0.19621870904721928        1.8915947366023853E-002   1.0407704065031667E-003   1.5592175301058568E-002   25.985775093592324     
          16   3.9000000000000012      -0.57541687562688060       0.10664219220160481       0.18445293272541535        1.7766030023664742E-002   9.2031917307776215E-004   1.4961352694532403E-002   24.924293430590097     
          16   4.0000000000000009      -0.55652621928284851       0.10339181607321966       0.17109548733955410        1.6726121357235769E-002   8.1761500283462950E-004   1.4122053646707938E-002   25.394498157708117     
          16   4.1000000000000005      -0.54140624999999998       0.10066390577983952       0.16081415536019111        1.5809196694086165E-002   7.3461847701142638E-004   1.3745817904985389E-002   24.716032224686892     
          16   4.2000000000000002      -0.52543999185055168        9.8316237775827486E-002  0.15012343017801588        1.5050713970524855E-002   6.5994235129285240E-004   1.3086282209642712E-002   25.563391098376741     
          16   4.2999999999999998      -0.50992900576730193        9.5800487399699097E-002  0.14116089689211045        1.4388176431148914E-002   6.1275953176611643E-004   1.2656459286952432E-002   24.852016784542368     
          16   4.3999999999999995      -0.49606123056670010        9.3804852056168508E-002  0.13351204401368907        1.3814603600841587E-002   5.6922725843659846E-004   1.2216103116629774E-002   24.111000291248310     
          16   4.4999999999999991      -0.48385194646439317        9.2344024260280849E-002  0.12543620911390943        1.3321429437237494E-002   5.1553953922873986E-004   1.1742464257061032E-002   24.476186333111471     
          16   4.5999999999999988      -0.47104046514543629        9.0408334378134406E-002  0.12197694781300331        1.2775643826009276E-002   4.7761124998719665E-004   1.1350518411825890E-002   24.558655692650532     
          16   4.6999999999999984      -0.46072083437813438        8.8865620298395190E-002  0.11421361837395927        1.2339256233054633E-002   4.4465914299504205E-004   1.1196153183914559E-002   25.450396013660448     
          16   4.7999999999999980      -0.44909572467402209        8.6638039117352059E-002  0.10751098426593877        1.1792784971124310E-002   4.1641235788732975E-004   1.0832335975483659E-002   25.555187305456094     
          16   4.8999999999999977      -0.43825970097793382        8.5876966838014046E-002  0.10152011663814380        1.1504412223486866E-002   3.8589193133512135E-004   1.0442366169671181E-002   24.353567126765611     
          16   4.9999999999999973      -0.42909392239217653        8.5360573909227688E-002   9.7455268725874344E-002   1.1374567121775482E-002   3.8047309566958016E-004   1.0233623875651441E-002   25.645604205235294     
          32  0.14999999999999999       -2.0000000000000000        1.0000000000000000       -9.4837717925757813E-012   1.0000000000000000        1.0000000000000000        4.3333423748712807E-034   25.000000000000000     
          32  0.25000000000000000       -2.0000000000000000        1.0000000000000000       -3.4141578453272814E-012   1.0000000000000000        1.0000000000000000        4.3333423748712807E-034   25.000000000000000     
          32  0.34999999999999998       -2.0000000000000000        1.0000000000000000       -1.7419172680241233E-012   1.0000000000000000        1.0000000000000000        4.3333423748712807E-034   25.000000000000000     
          32  0.44999999999999996       -1.9999996081995988       0.99999990204989975        1.5477756924330022E-005  0.99999980429110813       0.99999960934595766        1.9130878965020093E-010   24.992476300415483     
          32  0.54999999999999993       -1.9999964737963891       0.99999911844909728        9.3212880675533490E-005  0.99999823861997361       0.99999648411361897        1.7217791068518087E-009   24.932259524652949     
          32  0.64999999999999991       -1.9999673826165998       0.99999182116662488        6.2522945358056074E-004  0.99998365869015127       0.99996738267421303        1.6268202249537083E-008   24.971204154402756     
          32  0.74999999999999989       -1.9998169312625376       0.99995391447780846        2.6032320571026304E-003  0.99990792260126937       0.99981621899718787        9.2780555519980559E-008   24.969112668721184     
          32  0.84999999999999987       -1.9993165042001002       0.99982765679852059        7.5632525686182787E-003  0.99965568693614404       0.99931286370903238        3.5002263206146725E-007   24.894336942310016     
          32  0.94999999999999984       -1.9981355198407724       0.99952592151454367        1.7067938043653780E-002  0.99905306721403220       0.99811101578915185        9.9604026792393500E-007   25.569089826189010     
          32   1.0499999999999998       -1.9958050910544132       0.99892578124999998        3.1524998199964849E-002  0.99785502920657720       0.99572386855765549        2.3180216752906933E-006   24.950017532325049     
          32   1.1499999999999999       -1.9916507334503510       0.99783667408475429        5.2589532818162123E-002  0.99568285927729472       0.99140354722363067        4.8955960691358330E-006   24.544875328525574     
          32   1.2500000000000000       -1.9848520169884654       0.99602136487587767        8.2236532943719437E-002  0.99206796567681554       0.98423606388128482        9.4149090075800960E-006   25.356916170604581     
          32   1.3500000000000001       -1.9748349540809931       0.99327699896564692       0.12099462950593921       0.98661646503383438       0.97347996302692363        1.7200037685632363E-005   25.642597548561461     
          32   1.4500000000000002       -1.9603216877194083       0.98916422117916247       0.16812213307921914       0.97847584071106752       0.95753185514437633        2.9996319182745927E-005   24.896650371063444     
          32   1.5500000000000003       -1.9404564278773822       0.98332820727808423       0.22935304534308612       0.96698635966034086       0.93526267227075188        5.2308475981072300E-005   25.141539790150251     
          32   1.6500000000000004       -1.9143832865784856       0.97531295057046141       0.30012530309790347       0.95132292782889682       0.90534626454001910        8.5480358663895663E-005   24.642888474770242     
          32   1.7500000000000004       -1.8797831972479939       0.96395989726993481       0.38687223212616567       0.92936885923655366       0.86427939134257803        1.4842558042654932E-004   24.807938190740096     
          32   1.8500000000000005       -1.8361038192703110       0.94847589643931796       0.50532254440113744       0.89987844909086390       0.81074415670823696        2.6029251650476042E-004   26.042860335147505     
          32   1.9500000000000006       -1.7793089228623371       0.92604684169696594       0.63206854503324872       0.85807684426800290       0.73801844479898693        4.9172165317142621E-004   26.169071973486158     
          32   2.0500000000000007       -1.7068783498934303       0.89282603670386163       0.82998604478961924       0.79829268441157208       0.64077537802280227        1.0472858281748044E-003   29.702710155943095     
          32   2.1980937500000000       -1.5488577059302908       0.78680024448345032        1.3916934494138384       0.62837456614227449       0.41162307671138848        5.3470142784332337E-003   116.68210703040627     
          32   2.2051843750000000       -1.5394597856068204       0.77877264606318952        1.4329705710824094       0.61668965388444386       0.39801844643635986        5.6529519352052698E-003   140.79608295902756     
          32   2.2122750000000000       -1.5288424844847042       0.76838258917377134        1.4739161169787338       0.60200666793012092       0.38185149881585378        6.2792366337359063E-003   132.33655185153904     
          32   2.2193656250000000       -1.5186345168317452       0.75751864969909732        1.5322212159160826       0.58750027969345042       0.36668909831912833        6.9876134410358877E-003   151.03832388844123     
          32   2.2264562500000000       -1.5075047407848545       0.74576434381268808        1.5692841578845598       0.57167801048714995       0.35017550798630759        7.7047096734860817E-003   162.90574847601673     
          32   2.2335468750000000       -1.4953731311120864       0.73290653209628887        1.6333717012629541       0.55454860254897997       0.33280426983273259        8.5260749888434965E-003   150.51339947800716     
          32   2.2406375000000001       -1.4832315305290873       0.71710321393869103        1.6883952941681930       0.53502655784966591       0.31448973373349731        9.8393825532010516E-003   164.53261859380476     
          32   2.2477281250000001       -1.4722458390797393       0.70429090004388162        1.7245203048729167       0.51860228780518802       0.29866097954973309        1.0498214843266507E-002   171.66821938482784     
          32   2.2548187500000001       -1.4609300557923772       0.69195947216649945        1.7798914837485944       0.50356838452062724       0.28477461211222466        1.1012978064652530E-002   182.96512453254587     
          32   2.2619093750000001       -1.4478601821088264       0.67431097001943330        1.8241346398856488       0.48198796036011476       0.26543428666538005        1.2415755785690440E-002   180.38979027670871     
          32   2.2690000000000001       -1.4331837308801405       0.65417786562813440        1.8482789413763905       0.45870558414440094       0.24562136855445024        1.3602148400927333E-002   182.74265979944346     
          32   2.2760906250000001       -1.4223366388227181       0.63798509787174018        1.8777796165976635       0.44035823988460127       0.23052956744963843        1.4689776025700763E-002   182.92207353448075     
          32   2.2831812500000002       -1.4071341955554162       0.61570468240659482        1.8898930068886477       0.41561567819226108       0.21067080341801908        1.6357058042477276E-002   189.19000869264431     
          32   2.2902718750000002       -1.3938604877131395       0.59503843561935810        1.9116995193896973       0.39343120819826422       0.19378259642789278        1.7583958685463402E-002   170.77248919016063     
          32   2.2973625000000002       -1.3825671349987463       0.58215976053159479        1.8695421049716059       0.37808560837235827       0.18110644850911756        1.8018215837616428E-002   169.01512146957057     
          32   2.3044531250000002       -1.3672368668505517       0.55548613614280340        1.9111563279884514       0.35200906684668876       0.16349748931307342        1.9932324797241861E-002   171.52921375275380     
          32   2.3115437500000002       -1.3556233152582748       0.53829559968969409        1.8607477217168387       0.33396051908089380       0.15034596259595226        2.0925224420710525E-002   161.44596468554923     
          32   2.3186343750000002       -1.3403169469345537       0.51480408020937818        1.8342498553616056       0.31012810847704242       0.13391728495119540        2.1976574478033088E-002   166.49931210102966     
          32   2.3257250000000003       -1.3279643618355066       0.49203856687249248        1.8243379533208488       0.28917240642138203       0.12101536272844565        2.3246002798959060E-002   153.93431564444765     
          32   2.3328156250000003       -1.3148557978623370       0.46936463687938818        1.7672938668276847       0.26783632586449535       0.10790307512656959        2.4770742810931407E-002   163.85997596141323     
          32   2.3399062500000003       -1.3033551827357071       0.45521050456055667        1.6995922983716261       0.25365766402830930        9.8340557056790318E-002   2.4851417495739853E-002   153.98831173087916     
          32   2.3469968750000003       -1.2924983936183552       0.43773077043630892        1.6845745861018693       0.23823860727078697        8.9621870051772246E-002   2.5513519561139637E-002   142.56712787740474     
          32   2.3540875000000003       -1.2775583586697592       0.40743612673959378        1.6045701684830360       0.21257319043847239        7.5630966505851174E-002   2.7499997297356627E-002   133.99593602986710     
          32   2.3611781250000003       -1.2670597730692077       0.39174025984202610        1.5776917965665991       0.19920982353187491        6.8553893204954225E-002   2.7656330624114763E-002   131.88223648437193     
          32   2.3682687500000004       -1.2574964150263290       0.38227308879764293        1.5083556057379879       0.19000792699448443        6.2996645844332483E-002   2.7803193746686824E-002   128.96562076718516     
          32   2.3753593750000004       -1.2473503518367604       0.36567035089643934        1.4470556335816973       0.17643786978458567        5.6042012327412766E-002   2.8270459504932299E-002   116.26324525980571     
          32   2.3824500000000004       -1.2360991176654965       0.34993442240784856        1.3993274239199665       0.16354560306820731        4.9681687310795725E-002   2.8332975019191717E-002   113.08328099441813     
          32   2.3895406250000004       -1.2254816206431796       0.33152577850739717        1.3563466035117182       0.14955929236761187        4.3404035434221971E-002   2.9033448401961280E-002   104.15417118835862     
          32   2.3966312500000004       -1.2171619350238214       0.32259385578610833        1.2854508839547849       0.14184024470261369        3.9205230958470789E-002   2.8525682056053190E-002   97.702591666994934     
          32   2.4037218750000005       -1.2061252115722167       0.30426509019245235        1.2462436966501416       0.12896576090346845        3.4106314979610045E-002   2.9294994760970819E-002   90.523224672596854     
          32   2.4108125000000005       -1.1996486529902206       0.29822445853184554        1.2133924677684598       0.12400559986845301        3.1720943105676025E-002   2.9037400089190379E-002   89.973342721471596     
          32   2.4179031250000005       -1.1909761511095787       0.28652177234829490        1.1824279004744611       0.11573333510663827        2.8273112425686468E-002   2.8892873610733526E-002   81.376738740259754     
          32   2.4249937500000005       -1.1821296898508025       0.27680757115095284        1.1413235331384981       0.10904773130579481        2.5702035882573561E-002   2.8591376938865154E-002   82.879347324760857     
          32   2.4320843750000005       -1.1742017066825476       0.26631765413427783        1.1152632732210059       0.10155400579408513        2.2804117352199442E-002   2.8475138569401769E-002   75.566234633658908     
          32   2.4391750000000005       -1.1666646423645939       0.25742525427846036        1.0818213222110511        9.5381167324758695E-002   2.0402876508517489E-002   2.8433266959598049E-002   72.968199497820009     
          32   2.4462656250000006       -1.1590766439944835       0.24899532582121364        1.0475550792117834        8.9904882723732718E-002   1.8530410714691244E-002   2.8199504106969774E-002   68.655859690936921     
          32   2.4533562500000006       -1.1517218648131895       0.24367335404651455        1.0124434573132037        8.5970685474851066E-002   1.6963453752903729E-002   2.7788734801852934E-002   66.975423687772050     
          32   2.4604468750000006       -1.1445812045511534       0.23235389763039119       0.99697911863126620        7.9385220633825304E-002   1.5046424157607194E-002   2.7953819937840078E-002   63.411954952927132     
          32   2.4675375000000006       -1.1372735393681044       0.22765763109641424       0.96793543630807866        7.5814265210028278E-002   1.3605122554273862E-002   2.7536320459961301E-002   58.827163412105342     
          32   2.4746281250000006       -1.1302394488151957       0.21989204919445837       0.95601906679736670        7.1595819544050851E-002   1.2476390362100031E-002   2.7107209600622250E-002   56.589156104677429     
          32   2.4817187500000006       -1.1236587692765798       0.21336671146251254       0.93399752365789968        6.7627899242619208E-002   1.1258446033205284E-002   2.6858704994674392E-002   50.908231345729746     
          32   2.5000000000000004       -1.1072792596539618       0.20099825844721664       0.88608518318248353        6.0327557933964243E-002   9.1567446119083847E-003   2.5793760583293680E-002   49.285098938221303     
          32   2.6000000000000005       -1.0283907386221163       0.15110536688189569       0.71301691902437325        3.5053312288244126E-002   3.3805013078204698E-003   2.0637387957352305E-002   31.615189885986428     
          32   2.7000000000000006      -0.96337773084879641       0.12304922580240722       0.59867025369819549        2.3473980481789607E-002   1.5613361943980859E-003   1.6436913001758681E-002   27.020179727191824     
          32   2.8000000000000007      -0.90806119530466400       0.10571969815697091       0.51685845922810825        1.7381875469548294E-002   8.6749131079636365E-004   1.3505119933934185E-002   25.861916622198294     
          32   2.9000000000000008      -0.86018994483450351        9.3569380015045139E-002  0.45219171526442242        1.3714102015213120E-002   5.5019849278068389E-004   1.1174617661570343E-002   24.775233078050722     
          32   3.0000000000000009      -0.81711344972417255        8.4879491991599804E-002  0.40110517614501434        1.1241167407098003E-002   3.6770033145869799E-004   9.6519921305206029E-003   24.746584268798625     
          32   3.1000000000000010      -0.77921489076604811        7.8416744373746239E-002  0.36093192889486814        9.6323903848079886E-003   2.7393134202402790E-004   8.4509987911188609E-003   25.140705175837081     
          32   3.2000000000000011      -0.74530907174648942        7.3310360769809430E-002  0.32798628464750967        8.4236016842642175E-003   2.1020214598819846E-004   7.5036449922475769E-003   24.028690943261612     
          32   3.3000000000000012      -0.71398443377006016        6.8355652896188571E-002  0.29316064124388846        7.3511018437392248E-003   1.6157398882640550E-004   6.6645591814165654E-003   24.836507382084065     
          32   3.4000000000000012      -0.68591830178034108        6.4884007491223666E-002  0.26899359670403578        6.5648269270702731E-003   1.2788343995242307E-004   6.0856201346708135E-003   24.878476450593144     
          32   3.5000000000000013      -0.66014361443706115        6.2071419336133402E-002  0.24449517502517876        6.0123440733883780E-003   1.0712769879669536E-004   5.5465513777571661E-003   25.552217934004751     
          32   3.6000000000000014      -0.63583396674398196        5.9409184585005013E-002  0.22739263873099133        5.5325465073198105E-003   9.1923150319338432E-005   5.1536398434778568E-003   24.789388572204345     
          32   3.7000000000000015      -0.61393702592151456        5.6504719235832494E-002  0.21031241816358501        4.9962082023964956E-003   7.3973128449341907E-005   4.7535703145099185E-003   25.477160307965814     
          32   3.8000000000000016      -0.59379476319583746        5.5037034932923772E-002  0.19783922629710277        4.7537799823726551E-003   6.7769711720158755E-005   4.4758555246563530E-003   25.446962622601998     
          32   3.9000000000000017      -0.57502203877256775        5.3077690101554664E-002  0.18405588979315671        4.4214967978275649E-003   5.8544758211060235E-005   4.2137809568162325E-003   24.959275936767579     
          32   4.0000000000000018      -0.55736408444082242        5.1822508541248744E-002  0.17241563732491433        4.2043755740794157E-003   5.2431029213064978E-005   4.0355210662993760E-003   25.293864802877096     
          32   4.1000000000000014      -0.54083706196715142        5.0410802720661986E-002  0.15938050307729526        3.9841224341359040E-003   4.7357110204012807E-005   3.8042997432428671E-003   24.709122815206140     
          32   4.2000000000000011      -0.52505191355315950        4.8994493245361086E-002  0.15047076986808886        3.7682806835729354E-003   4.2732103412476163E-005   3.6183351570677007E-003   24.911905284373539     
          32   4.3000000000000007      -0.51062043552532599        4.7903574003259779E-002  0.14003603770231765        3.6065284323429270E-003   3.8791918279855335E-005   3.5037275036185860E-003   26.083124137320524     
          32   4.4000000000000004      -0.49688597041123372        4.6676161296389171E-002  0.13510285030615685        3.4113775882701814E-003   3.4620302047893645E-005   3.3243140514769018E-003   24.856010101845111     
          32   4.5000000000000000      -0.48390581901955870        4.5941829394433302E-002  0.12677741309411550        3.2938824254746661E-003   3.1943475625161525E-005   3.2041002823232842E-003   24.293461979552021     
          32   4.5999999999999996      -0.47094457199724171        4.4861929538615848E-002  0.11841648004339957        3.1534525910495155E-003   2.9762185166670250E-005   3.0837867201150585E-003   25.013723761379570     
          32   4.6999999999999993      -0.45979902598420258        4.3956380861334000E-002  0.11330387801142007        3.0441276527335913E-003   2.7933509987914409E-005   2.9526603454632780E-003   24.712176952636117     
          32   4.7999999999999989      -0.44852741819207625        4.3602829974297895E-002  0.10893797366535295        2.9791743968171605E-003   2.6515309793737188E-005   2.9042838392461605E-003   25.404761992133690     
          32   4.8999999999999986      -0.43801698062938815        4.2998526830491476E-002  0.10288922447784073        2.9040831142107962E-003   2.5156537123298161E-005   2.7810897635136868E-003   24.976926428672257     
          32   4.9999999999999982      -0.42829621677532598        4.2156743668505518E-002   9.6914195438622938E-002   2.7960648149281827E-003   2.3373679474296016E-005   2.7453900099413614E-003   24.732024759157518     
          64  0.14999999999999999       -2.0000000000000000        1.0000000000000000       -3.7935087170303125E-011   1.0000000000000000        1.0000000000000000        2.6601907356848695E-033   25.000000000000000     
          64  0.25000000000000000       -2.0000000000000000        1.0000000000000000       -1.3656631381309126E-011   1.0000000000000000        1.0000000000000000        2.6601907356848695E-033   25.000000000000000     
          64  0.34999999999999998       -2.0000000000000000        1.0000000000000000       -6.9676690720964933E-012   1.0000000000000000        1.0000000000000000        2.6601907356848695E-033   25.000000000000000     
          64  0.44999999999999996       -1.9999998040997995       0.99999995102494987        7.7385006627560986E-006  0.99999990207381328       0.99999980424323420        2.3913598706277837E-011   24.984951846121401     
          64  0.54999999999999993       -1.9999960819959879       0.99999902049899703        1.0340877864035312E-004  0.99999804147626592       0.99999608486468561        4.7827197412550771E-010   25.224211528811622     
          64  0.64999999999999991       -1.9999641257757648       0.99999101307829741        6.8186783989854097E-004  0.99998203066430813       0.99996407935019849        4.4163473083422467E-009   24.423988626932932     
          64  0.74999999999999989       -1.9998066220144810       0.99995140450648823        2.7602326986982564E-003  0.99990283549130854       0.99980577683250960        2.4161115446882404E-008   24.602267659050973     
          64  0.84999999999999987       -1.9993364615330367       0.99983251757224800        7.4116136989610150E-003  0.99966514773569704       0.99933074547033929        8.4015094406648287E-008   24.947220144176281     
          64  0.94999999999999984       -1.9981582687515671       0.99953211685838761        1.6564811764282358E-002  0.99906469418507515       0.99813122795322606        2.4379092176344874E-007   24.903099630540936     
          64   1.0499999999999998       -1.9957778854140547       0.99891736978513668        3.1828130242889469E-002  0.99783649801490537       0.99568001568394882        5.8931590456967911E-007   25.246485872344110     
          64   1.1499999999999999       -1.9916032031641799       0.99782379364656471        5.3373767883759596E-002  0.99565355097398589       0.99133088017323590        1.2281569410692864E-006   25.451391173178834     
          64   1.2500000000000000       -1.9848368102353937       0.99601525523837131        8.3337932428397654E-002  0.99204878238522054       0.98417027786873168        2.3638403067395275E-006   25.419918690627014     
          64   1.3500000000000001       -1.9747308086368480       0.99324927908726179       0.12125649271010791       0.98654843891635458       0.97329481073201130        4.3203129723176374E-006   24.725656204180556     
          64   1.4500000000000002       -1.9602437929021439       0.98915962976821092       0.16895352577064465       0.97844429539223243       0.95738264737982459        7.5099355024276493E-006   24.651197934955270     
          64   1.5500000000000003       -1.9404172233497368       0.98332460761189822       0.22900087258970470       0.96694032336429214       0.93502395367566371        1.2992434877304930E-005   25.250012165538831     
          64   1.6500000000000004       -1.9143161662722543       0.97527108914634530       0.29711955704700294       0.95117555931434705       0.90481797920774831        2.1878287707207254E-005   24.454578164039699     
          64   1.7500000000000004       -1.8798624633666625       0.96398405421342148       0.38760911830022243       0.92930290056327158       0.86374346642121813        3.7230907651319163E-005   25.138178870386241     
          64   1.8500000000000005       -1.8359490825993605       0.94841462865157977       0.49542549391773627       0.89955716918679385       0.80944281835677334        6.6419276058878409E-005   25.404275005968735     
          64   1.9500000000000006       -1.7793360060650703       0.92611709640640671       0.63479428793804216       0.85782312350861400       0.73630446584551434        1.2736043466475243E-004   26.159260806054213     
          64   2.0500000000000007       -1.7065665992116976       0.89269424484390669       0.83140629338347694       0.79719163367119328       0.63642287436849443        2.8111901581850577E-004   29.177800409909459     
          64   2.1500000000000008       -1.6097126095082122       0.83570921504748619        1.1239538201790675       0.69935242331613867       0.49162238074484149        8.7444305036842539E-004   58.073400190224419     
          64   2.2335468750000000       -1.4937324179569960       0.72346104475535988        1.7268483505029852       0.53171313497104278       0.29511289305452537        4.7550309836117254E-003   530.02992901460027     
          64   2.2370921875000001       -1.4877945849266550       0.71643116605676405        1.7668862580412807       0.52150100514427233       0.28453369275814844        4.9951211004815883E-003   435.52962236026423     
          64   2.2406375000000001       -1.4818676733324976       0.70647864002162741        1.8011138168907974       0.50961241707758775       0.27420764216345467        5.3744364951501811E-003   581.76034407511963     
          64   2.2441828125000001       -1.4749008500109704       0.69725120184773071        1.8993541192314236       0.49727328672571669       0.26271239132700885        5.8596073074213585E-003   527.10213666962147     
          64   2.2477281250000001       -1.4686582697310682       0.68709776791311439        1.8887266436678360       0.48523319187231262       0.25189996125684072        6.3632395059581865E-003   649.71480916562905     
          64   2.2512734375000001       -1.4602835361553410       0.67234729089612588        1.9714198842450545       0.46690828099532972       0.23626866541418637        7.3347124647642325E-003   634.37132743927339     
          64   2.2548187500000001       -1.4539353901548395       0.66109124492618476        2.0010169797756805       0.45351505227528938       0.22504014979298098        7.9738105648869250E-003   817.27455881663855     
          64   2.2583640625000001       -1.4458651834409479       0.64378398868480446        2.1046255761440960       0.43433234699989631       0.21040424441450864        8.9849248121437342E-003   696.22769199110519     
          64   2.2619093750000001       -1.4399261994969283       0.63335118882036734        2.1025413487801958       0.42255134723011922       0.20115354466456023        9.4500420437965988E-003   894.22018435419466     
          64   2.2654546875000001       -1.4319414297580240       0.61799179276109584        2.1572693208437235       0.40541052866125538       0.18799861317236100        1.0376154528442328E-002   683.03916302355196     
          64   2.2690000000000001       -1.4253429967637288       0.60609416139042127        2.1771880464090478       0.39128183208951500       0.17710737797053552        1.1139193830369053E-002   685.49459938189909     
          64   2.2725453125000001       -1.4160098459440822       0.58017531598702354        2.2228020329487230       0.36574037204176157       0.16045200119145750        1.2938898642372637E-002   706.87732570102742     
          64   2.2760906250000001       -1.4082020230613717       0.56552811510703982        2.2620243235905422       0.34988643438550626       0.14908363535012864        1.3458710273607812E-002   834.04097932952436     
          64   2.2796359375000002       -1.4008296863245988       0.54648944391769061        2.2625933072996389       0.33152737776518104       0.13736845320254207        1.4588284464938130E-002   749.84214196832625     
          64   2.2831812500000002       -1.3927684175573596       0.52793971514151827        2.2712065379732422       0.31341476359721288       0.12608055738506552        1.5662396218813313E-002   800.36884686088138     
          64   2.2867265625000002       -1.3837582571934555       0.50329062137584624        2.2313100247109019       0.28971661353780848       0.11161440104263010        1.6875200585925787E-002   756.84666169715194     
          64   2.2902718750000002       -1.3787288133933049       0.49717087052172143        2.2343138315269635       0.28311863258226944       0.10691771475905847        1.7258727947158239E-002   710.67151749871869     
          64   2.2938171875000002       -1.3690763207591525       0.47151805759074095        2.1951894504729421       0.25957911186136956        9.3536870385359017E-002   1.8200180217799792E-002   672.07923632765187     
          64   2.2973625000000002       -1.3614881020013165       0.44985969872508147        2.1623222933644897       0.24142928112115161        8.4196804907655770E-002   1.9346454216258607E-002   735.52374361569082     
          64   2.3009078125000002       -1.3540533465631268       0.43249477436214895        2.1016323602143232       0.22554313434641005        7.5443828540183291E-002   2.0004074394398774E-002   664.91987076113332     
          64   2.3044531250000002       -1.3467278544618229       0.41601007857557049        2.0494063425625488       0.21172447201600642        6.8272447964535646E-002   2.0667444333872180E-002   653.60360904215554     
          64   2.3079984375000002       -1.3388328070147943       0.39089895418677911        2.0099928639888920       0.19247324747092265        5.9772064623275722E-002   2.1943233176887938E-002   612.80978455021852     
          64   2.3115437500000002       -1.3324738130406846       0.37980844388634655        1.9460568163613869       0.18143974996976173        5.3536803281677058E-002   2.2244151985057664E-002   645.53544303922865     
          64   2.3150890625000002       -1.3246306791468154       0.35325524914587514        1.9057505518152758       0.16253783702850341        4.5915617063732067E-002   2.3275760239285011E-002   546.40702736406433     
          64   2.3186343750000002       -1.3179122327921264       0.34067518718264167        1.8477412263871797       0.15275299127625605        4.1669631099345496E-002   2.3092096857869549E-002   511.10636202046760     
          64   2.3221796875000003       -1.3128812217903711       0.32994217026078237        1.7968070900645630       0.14421607563225411        3.7838104473775766E-002   2.3739053026189894E-002   494.55459542515348     
          64   2.3257250000000003       -1.3061230566700099       0.31432316970442575        1.7247919060647947       0.13253159206155071        3.3005849693653881E-002   2.3531251435148344E-002   411.76281608686270     
          64   2.3292703125000003       -1.3003691494405090       0.30531156457654213        1.6860564656703607       0.12520244578301248        2.9792534039257534E-002   2.3642711586327605E-002   388.47855895143135     
          64   2.3328156250000003       -1.2945375188064192       0.29202343358199601        1.6183333482406939       0.11606247183551999        2.6292067409854965E-002   2.3802382030340508E-002   398.45508475865824     
          64   2.3363609375000003       -1.2883785144495987       0.27751014273288616        1.5911055097390712       0.10663606246471882        2.3055889361839652E-002   2.4372026392514342E-002   388.60194649100293     
          64   2.3399062500000003       -1.2826246317076229       0.26645920427297520        1.5472413316458717        9.9651145092104237E-002   2.0734285334683650E-002   2.3664025042619385E-002   403.03263322061230     
          64   2.3434515625000003       -1.2776248423003385       0.25981102487148949        1.4969682251755101        9.4670684084131818E-002   1.8690468662928360E-002   2.3304547447667637E-002   340.23201660137642     
          64   2.3469968750000003       -1.2718832278084253       0.24491023118182673        1.4672378493903067        8.5612665847646319E-002   1.6009713355460295E-002   2.3848090634308282E-002   324.90789096202394     
          64   2.3505421875000003       -1.2667376396768431       0.23552155489907223        1.4384243888736361        8.0278122496820134E-002   1.4536020031489195E-002   2.3377633376032322E-002   321.63262891604688     
          64   2.3540875000000003       -1.2621496569787487       0.23140271645013163        1.4147334112585561        7.6978829290826195E-002   1.3379061617016713E-002   2.3020566633318480E-002   309.26193143145059     
          64   2.3576328125000003       -1.2572149554131142       0.22415405395875126        1.3818126881099144        7.2442409745907946E-002   1.1951217900413404E-002   2.3123582241599973E-002   276.15920778484411     
          64   2.3611781250000003       -1.2513039851977807       0.21144605692076229        1.3403446267770787        6.5599024379504475E-002   1.0203320801221504E-002   2.2868899576856019E-002   251.77560379341085     
          64   2.3647234375000004       -1.2468562425557923       0.20684190021235582        1.3143203392675717        6.2903926490900389E-002   9.3845405577049259E-003   2.2364943213227517E-002   257.09974529447760     
          64   2.3682687500000004       -1.2423788210334128       0.19789686442138918        1.2746043260309914        5.8085056102144324E-002   8.2505487830505757E-003   2.2525477988569836E-002   216.60841420603055     
          64   2.3718140625000004       -1.2385756390264544       0.19869463125705242        1.2786785931389220        5.8305008666087295E-002   8.2289323748828708E-003   2.1737455322735050E-002   219.66606649780030     
          64   2.3753593750000004       -1.2338951914336760       0.18980445976601681        1.2477653849145163        5.3621631466158649E-002   7.1311244347181174E-003   2.1581788916900980E-002   201.50039686380308     
          64   2.4000000000000004       -1.2042409210052032       0.15827024530623118        1.1309653052550961        3.7870014801905411E-002   3.7568636023615634E-003   1.9210992787860016E-002   130.66027934585313     
          64   2.5000000000000004       -1.1063811551843028        9.8935294653491726E-002  0.86471787038656156        1.5180563370705606E-002   6.6037168653981522E-004   1.1409510252923584E-002   53.600479156082571     
          64   2.6000000000000005       -1.0282556899213264        7.5198765241035609E-002  0.71187389090462283        8.8416617756023799E-003   2.2990518048387354E-004   7.4626718362635781E-003   32.631344015962824     
          64   2.7000000000000006      -0.96338044896407971        6.1436090498056671E-002  0.59606457162553139        5.9324529369472858E-003   1.0456879771395645E-004   5.2963134156174280E-003   27.541790663240324     
          64   2.8000000000000007      -0.90799968264167508        5.2760392995392424E-002  0.51424641275887051        4.3432555861076120E-003   5.5454859932391850E-005   4.0586317307183088E-003   24.749703768449944     
          64   2.9000000000000008      -0.86008352205052663        4.7044380210945334E-002  0.45593425562650491        3.4827925018226370E-003   3.6329808004322776E-005   3.2558173842366757E-003   24.997900932883692     
          64   3.0000000000000009      -0.81737938424648948        4.2393538035982947E-002  0.39932294179119349        2.8077091950710221E-003   2.3126608468761926E-005   2.7286919882878341E-003   24.974669122773086     
          64   3.1000000000000010      -0.77934019343185812        3.8689261142803411E-002  0.35677661042450876        2.3622731865946961E-003   1.6960982711735992E-005   2.2989543581181538E-003   25.319070951333632     
          64   3.2000000000000011      -0.74496852373526834        3.6337907766267552E-002  0.32425918503901663        2.0693858325062926E-003   1.2821030398106859E-005   2.0177853993254154E-003   25.176715468891864     
          64   3.3000000000000012      -0.71411480535356064        3.3922042004921014E-002  0.29550847282564818        1.8137699084631060E-003   9.9626462325333742E-006   1.7783591373040399E-003   24.946129388768000     
          64   3.4000000000000012      -0.68586611886440574        3.2417455001723924E-002  0.27121927873200496        1.6516123695622235E-003   8.1457208659340474E-006   1.6308779442789066E-003   24.958296871959412     
          64   3.5000000000000013      -0.66024998824598802        3.1016009454143682E-002  0.24680807855707884        1.5101181528154562E-003   6.7696548661051576E-006   1.4577711924790547E-003   25.824660015182598     
          64   3.6000000000000014      -0.63626382075915244        2.9491403899197594E-002  0.23088079254788110        1.3592198595718491E-003   5.5254219337283606E-006   1.3523023985012408E-003   25.484494633279791     
          64   3.7000000000000015      -0.61419786703861590        2.8303061038584505E-002  0.21151042531640471        1.2603878795562559E-003   4.8019211368401052E-006   1.2454989443723159E-003   25.102400931274975     
          64   3.8000000000000016      -0.59424508878197091        2.7427632017145185E-002  0.19836315765165827        1.1790574792634281E-003   4.1228209020308671E-006   1.1735349987296916E-003   24.653342249189400     
          64   3.9000000000000017      -0.57495396345285854        2.6465149844063441E-002  0.18391917213700351        1.0962535110615201E-003   3.5374222135442299E-006   1.0940069438433496E-003   25.287645167917262     
          64   4.0000000000000018      -0.55706651203610835        2.5772103909384402E-002  0.17023172302561235        1.0440221820456333E-003   3.3010803726919505E-006   1.0360127202621455E-003   24.588153857745514     
          64   4.1000000000000014      -0.54050599062813443        2.5076707172298145E-002  0.15755728092264046        9.8812677556557311E-004   2.9281224028118380E-006   9.8537726349858228E-004   25.144086017463472     
          64   4.2000000000000011      -0.52519230053441579        2.4451038662863592E-002  0.15211260897825638        9.4201342392350384E-004   2.7227334511545790E-006   9.2815267216048126E-004   24.929815608621656     
          64   4.3000000000000007      -0.51041329555071469        2.3967544724015799E-002  0.14107778711021091        8.9702022111523474E-004   2.3912800177837673E-006   8.9077733924272618E-004   24.931491653338419     
          64   4.4000000000000004      -0.49684789230974175        2.3408261895060182E-002  0.13316177645591770        8.6134929236103075E-004   2.2319518638991945E-006   8.4999880749953320E-004   24.973647949103963     
          64   4.5000000000000000      -0.48398988469314191        2.2984848098984455E-002  0.12524269824600603        8.3088371435641759E-004   2.0637600656201741E-006   8.1688293764424979E-004   25.254767989598438     
          64   4.5999999999999996      -0.47142105026015546        2.2512728615534102E-002  0.11935604260073519        7.9363328642926461E-004   1.8864635052181823E-006   7.8715704857799679E-004   25.018724804560467     
          64   4.6999999999999993      -0.45971101781908225        2.2130000842370861E-002  0.11344354521684738        7.7039924643582537E-004   1.7726597548732193E-006   7.7001129606913310E-004   24.807978259866026     
          64   4.7999999999999989      -0.44862025039963643        2.1685711431168507E-002  0.10684594201857210        7.3698238958207630E-004   1.6251209569223061E-006   7.3532839669482829E-004   25.010114869836407     
          64   4.8999999999999986      -0.43820675894872119        2.1432314521690071E-002  0.10305997043388571        7.1923387206067053E-004   1.5296342670163651E-006   7.1557444519088943E-004   24.054410510782343     
          64   4.9999999999999982      -0.42818580252476179        2.1107965008306168E-002   9.6914020201181741E-002   7.0282390029164949E-004   1.4953993314505691E-006   6.9140169315650877E-004   25.472320862120228     
         128  0.14999999999999999       -2.0000000000000000        1.0000000000000000       -1.5174034868121250E-010   1.0000000000000000        1.0000000000000000        3.9207438577326578E-033   25.000000000000000     
         128  0.25000000000000000       -2.0000000000000000        1.0000000000000000       -5.4626525525236502E-011   1.0000000000000000        1.0000000000000000        3.9207438577326578E-033   25.000000000000000     
         128  0.34999999999999998       -2.0000000000000000        1.0000000000000000       -2.7870676288385973E-011   1.0000000000000000        1.0000000000000000        3.9207438577326578E-033   25.000000000000000     
         128  0.44999999999999996       -1.9999998775623746       0.99999996939059366        4.8358020463144249E-006  0.99999993878492377       0.99999987758479170        3.7364997978548537E-012   24.962373953846065     
         128  0.54999999999999993       -1.9999966574528272       0.99999916436320679        8.8440403382695153E-005  0.99999832882916728       0.99999665806929872        1.0256015722747334E-010   24.522773909891306     
         128  0.64999999999999991       -1.9999639604849706       0.99999097022512851        6.8112841320177447E-004  0.99998194163771659       0.99996388802460767        1.1131980487895958E-009   25.107669666436866     
         128  0.74999999999999989       -1.9998121317076230       0.99995280641729878        2.7004330075902118E-003  0.99990562095774804       0.99981127440126794        5.9301627849871969E-009   24.620994711302899     
         128  0.84999999999999987       -1.9993219894057173       0.99982887811383370        7.6553305551002367E-003  0.99965780730599318       0.99931581884896248        2.1760076510991851E-008   25.019233155438585     
         128  0.94999999999999984       -1.9981575953446276       0.99953204033487175        1.6782347145683135E-002  0.99906436078653948       0.99812984125396464        6.0080171198018599E-008   24.697880863409527     
         128   1.0499999999999998       -1.9957829114785763       0.99891978486729716        3.2180151586847797E-002  0.99784088397478921       0.99568701787237568        1.4432889681710342E-007   25.129879648010505     
         128   1.1499999999999999       -1.9916020093973326       0.99782365896517677        5.3445212510973512E-002  0.99565236200854068       0.99132485089576272        3.1034515030078612E-007   25.515916388583097     
         128   1.2500000000000000       -1.9848595346586635       0.99602230152371174        8.3125573723394922E-002  0.99206101944896130       0.98418742430238226        5.9258820316513472E-007   25.536390035822993     
         128   1.3500000000000001       -1.9747432850308739       0.99325128706431798       0.12060457738969094       0.98654919189654111       0.97328353995156058        1.0747299145529782E-006   25.132944430292721     
         128   1.4500000000000002       -1.9602707353016080       0.98916171426878297       0.17043809773058793       0.97844280155493291       0.95735776782289228        1.8764962485968530E-006   25.545231486183635     
         128   1.5500000000000003       -1.9404796787824410       0.98334240698168729       0.22760682027010443       0.96696551390844154       0.93503477271225843        3.2167593094977199E-006   24.974975044239685     
         128   1.6500000000000004       -1.9142023482557047       0.97524042464306981       0.30025728564166299       0.95109937013152124       0.90461086828438098        5.4836368904543469E-006   24.438136942419682     
         128   1.7500000000000004       -1.8798949889218437       0.96399148311634120       0.38628794386758730       0.92928888800562381       0.86361241676747269        9.3755068548516983E-006   24.892402949092144     
         128   1.8500000000000005       -1.8360325728161047       0.94842721523946838       0.49416977774453741       0.89953088739750497       0.80921585984671907        1.6820502826174447E-005   25.190471942575389     
         128   1.9500000000000006       -1.7795889315896909       0.92617755610581742       0.63410081263997486       0.85783720894033832       0.73599547867487825        3.1872952375943444E-005   26.029506388689978     
         128   2.0500000000000007       -1.7068590537236710       0.89282788551200476       0.83216028351300642       0.79721364432510544       0.63577848471169651        7.1153733150197996E-005   28.169713182409623     
         128   2.1500000000000008       -1.6097852211419414       0.83569386443020466        1.1453868246272838       0.69862540867758782       0.48874375193595671        2.3340496437611755E-004   62.524156948279810     
         128   2.2512734375000001       -1.4610744158745768       0.67146598486866849        2.0194185415211576       0.45631448596476787       0.21570076986086606        3.2551553661660107E-003   1673.6760508997515     
         128   2.2530460937500001       -1.4563855690606977       0.65682611800244484        2.1293570544050251       0.43841148848041006       0.20150751404390077        4.6321910918835788E-003   2070.0899807599794     
         128   2.2548187500000001       -1.4527229393257899       0.64922792670002194        2.2113498204604003       0.42947832712363693       0.19473965430019630        4.5027332695796200E-003   2153.6084783955607     
         128   2.2565914062500001       -1.4489085481542283       0.63749639115099199        2.2340970876493969       0.41641496237677517       0.18508649910897057        5.5111182082906414E-003   2481.4836984342046     
         128   2.2583640625000001       -1.4444566609986209       0.62334488205828420        2.3470736369054319       0.40238756000352954       0.17554609988437958        5.9028137390135828E-003   4219.0343004913693     
         128   2.2601367187500001       -1.4406197964009215       0.62093455047760471        2.2365262187842094       0.39544155476399984       0.16774636343291646        5.8036993583285741E-003   2204.5046280554575     
         128   2.2619093750000001       -1.4371780808734798       0.60815552737313505        2.3740484553986301       0.38409926240503367       0.16159791320671110        6.4802541319493590E-003   3040.7359979919552     
         128   2.2636820312500001       -1.4336500162107415       0.60313341758674466        2.3366222411518431       0.37673766161861605       0.15519289901487859        6.6991183147478307E-003   2995.4086245829008     
         128   2.2654546875000001       -1.4288024779906126       0.58601473365408729        2.4437299343678425       0.35941531935794541       0.14430126677233845        7.5740879620812013E-003   3777.2065998980956     
         128   2.2672273437500001       -1.4235870085843467       0.56129937052368040        2.5098286701275718       0.33663822629880402       0.13108390972607731        9.7870629060154406E-003   3251.5789527240158     
         128   2.2690000000000001       -1.4196769385304351       0.55330555264426096        2.5145314408333577       0.32707978696707135       0.12434146129975392        9.2418110452070004E-003   2670.1023864855324     
         128   2.2707726562500001       -1.4149531480182735       0.53370707214416691        2.5667345895049389       0.30948460574823250       0.11455217850085464        1.0737122777985924E-002   5481.7036212500725     
         128   2.2725453125000001       -1.4120081374494577       0.53376181706741321        2.5276836918119532       0.30694105975897823       0.11152485395395148        1.0101925472382554E-002   3688.7115517512966     
         128   2.2743179687500001       -1.4048331517991475       0.49053065568776644        2.6173938787896391       0.27030674196189358        9.3450173164643352E-002   1.3795273985365824E-002   3730.0583148106780     
         128   2.2760906250000001       -1.4002555334460411       0.47148095592931138        2.6344199334932901       0.25515127452342595        8.6104107593349327E-002   1.4861952035548713E-002   3473.7765607469910     
         128   2.2778632812500001       -1.3961279100974799       0.45761256547964207        2.6662261240945546       0.24234572769691018        7.9486522167272020E-002   1.4824164608460083E-002   2868.9907293044748     
         128   2.2796359375000002       -1.3924949408773195       0.45135092472240940        2.5634500926818182       0.23561109779524048        7.5027521680330639E-002   1.4693360199368757E-002   4391.5360839227606     
         128   2.2814085937500002       -1.3868794983583563       0.42051946244005456        2.5210043486876672       0.21117173844692461        6.3887051313755799E-002   1.6226856772703673E-002   4137.0757827455664     
         128   2.2831812500000002       -1.3842592046158004       0.42153714255559649        2.5287405886022754       0.20931421001306327        6.2175440122655752E-002   1.5980400049186761E-002   2926.8962848966330     
         128   2.2849539062500002       -1.3781272773398321       0.39128634683346913        2.4376678864851198       0.18614301992470067        5.1923057412143037E-002   1.6750982707973639E-002   2205.0033727780283     
         128   2.2867265625000002       -1.3736852280474234       0.36740590729708655        2.3913914541302077       0.16830744516728455        4.4892755945890365E-002   1.8463434493384154E-002   2367.5925059218557     
         128   2.2884992187500002       -1.3706337885727495       0.36625319684639857        2.3498887667666843       0.16552698841260571        4.2707480253550846E-002   1.8241320864075407E-002   2197.2451357153604     
         128   2.2902718750000002       -1.3657065128490942       0.33826896338429352        2.3203224522914572       0.14670933134024336        3.6353303229557501E-002   1.9002856216335642E-002   3209.4602775659368     
         128   2.2920445312500002       -1.3624021172403931       0.33014088652676782        2.2285532049796952       0.14004346754629848        3.3335364184091269E-002   1.9951737233920949E-002   3006.2751404921946     
         128   2.2938171875000002       -1.3588391211231350       0.32431270251183236        2.2259886949795185       0.13574260291209073        3.1484367459058207E-002   1.8860160850787080E-002   2243.9902686521168     
         128   2.2955898437500002       -1.3540983668779776       0.29599871391518306        2.1245052139678191       0.11720079442069546        2.5453396957817218E-002   1.9599983192026618E-002   2177.3839709560689     
         128   2.2973625000000002       -1.3515679913274981       0.30035493749314351        2.1148333093963361       0.11921857047112380        2.5644166570562753E-002   1.9258001022062730E-002   2265.5688801500019     
         128   2.2991351562500002       -1.3482361880563565       0.29082671292686652        2.0239112834344151       0.11187756725343144        2.2798072339625778E-002   1.9267189694682225E-002   1580.0301816958458     
         128   2.3009078125000002       -1.3430443062586197       0.26240700556258617        1.9736520094307244        9.3781180580780873E-002   1.7277677584571334E-002   1.9522532862517476E-002   1458.8559260414070     
         128   2.3026804687500002       -1.3394145755136504       0.23897693446550589        1.8960541458641738        8.1052238672015178E-002   1.4204880762314052E-002   2.0419646241477501E-002   1591.1883142104075     
         128   2.3044531250000002       -1.3366121313158226       0.24384468713758464        1.9028639947513470        8.3766759371566191E-002   1.4667593613721630E-002   1.9117891541487186E-002   1765.6938929843839     
         128   2.3062257812500002       -1.3333832552344533       0.23243952438369797        1.8498808103806168        7.6564657605190573E-002   1.2629572727838326E-002   1.9629463830924364E-002   1282.5065129459097     
         128   2.3079984375000002       -1.3300870751904150       0.22637478169371394        1.8232598055092955        7.3514370983812125E-002   1.1851337103049923E-002   1.9435948722888317E-002   1557.6644142723146     
         128   2.3097710937500002       -1.3259220226597761       0.20575283590027896        1.7300330628848959        6.1983065256323952E-002   8.9784306862922356E-003   2.0086269101795600E-002   1489.2644127958372     
         128   2.3115437500000002       -1.3237718649111396       0.20662802922928944        1.7361858521618589        6.2087162494764044E-002   8.8872058031927680E-003   1.9391656374039848E-002   1356.9468208127764     
         128   2.3133164062500002       -1.3206650224109830       0.20363820036770466        1.7133111727150763        6.0189408261549386E-002   8.3612248844691997E-003   1.8749125136707803E-002   1370.8348460820848     
         128   2.3150890625000002       -1.3179069740961165       0.19734774697628041        1.6714422296466758        5.6319175667709546E-002   7.2640155469162271E-003   1.9270938101825719E-002   1015.2324858024409     
         128   2.3168617187500002       -1.3140058052575696       0.18149161534897662        1.6268462261632426        4.9435242331598919E-002   6.0938551185437074E-003   1.8874869594894907E-002   1093.2089138154022     
         128   2.3186343750000002       -1.3121934100641770       0.18357651384328769        1.6397482876452880        4.9448632541203207E-002   5.7961995495688446E-003   1.8530323949319857E-002   1004.4303360177942     
         128   2.3204070312500003       -1.3090769317229032       0.17994089384853781        1.6192923226341043        4.7607449500811250E-002   5.4104649337687214E-003   1.7873995700193032E-002   937.24736224840581     
         128   2.3221796875000003       -1.3058491698239250       0.16650705901885343        1.5731532325334532        4.1591030169453994E-002   4.3877533563743141E-003   1.7783408590861353E-002   767.72443512690666     
         128   2.4000000000000004       -1.2039218914066419        7.7349832089040560E-002   1.1206992700362646        9.4142424452717342E-003   2.6459059022902287E-004   7.5662224243637473E-003   164.14449994661089     
         128   2.5000000000000004       -1.1060562302140797        4.8850644340247301E-002  0.86428335791599487        3.7560043824741329E-003   4.2246512401923926E-005   3.4977194488872284E-003   52.215421976286677     
         128   2.6000000000000005       -1.0282722312445147        3.7504487338970036E-002  0.71160588926782853        2.2063904922967449E-003   1.4465090392396702E-005   2.1001073599451140E-003   33.823249039467242     
         128   2.7000000000000006      -0.96340474058895431        3.0493816042855129E-002  0.59708276845540753        1.4615766633088991E-003   6.3449172820604636E-006   1.4320967091910517E-003   26.833768819790478     
         128   2.8000000000000007      -0.90811964090513730        2.6514158564560870E-002  0.51664456252001101        1.0976643928344413E-003   3.5711064576501626E-006   1.0709131282407118E-003   25.630997947434757     
         128   2.9000000000000008      -0.85983204128988533        2.3273837626159730E-002  0.45240698507609278        8.5337110080475074E-004   2.2041681806041918E-006   8.4945935977886805E-004   25.587662995138121     
         128   3.0000000000000009      -0.81729955491474426        2.1166986065618731E-002  0.39280560345944426        7.0469807852115650E-004   1.4823893597655734E-006   7.0297377848021775E-004   24.797630482655091     
         128   3.1000000000000010      -0.77929806264496615        1.9602046495933112E-002  0.36141691981404445        6.0197845318073488E-004   1.0796268053237948E-006   5.9209275721473136E-004   24.636639085072478     
         128   3.2000000000000011      -0.74514551344463076        1.8126771060251064E-002  0.32379186777846447        5.1770625652795810E-004   8.1103229138802895E-007   5.1303605118160304E-004   24.351116169549659     
         128   3.3000000000000012      -0.71427433545754448        1.7110875473098985E-002  0.29219754977240986        4.5964618063080629E-004   6.2927571336626493E-007   4.5810895317458363E-004   24.663960883884119     
         128   3.4000000000000012      -0.68591361854117039        1.6170401463178597E-002  0.27390310150203429        4.1117581801345136E-004   5.0690936780040872E-007   4.0877290614254360E-004   24.876517215252424     
         128   3.5000000000000013      -0.66017491561598862        1.5411869764567139E-002  0.24901460178270382        3.7350660692545451E-004   4.2241152199405346E-007   3.7169792594661646E-004   24.662695605670045     
         128   3.6000000000000014      -0.63634756809490978        1.4817376935493983E-002  0.22597751620374248        3.4532337155241663E-004   3.5899601707177448E-007   3.4118247292490642E-004   24.995114984084825     
         128   3.7000000000000015      -0.61440290720795199        1.4271482660873245E-002  0.21198347704567186        3.1893521532371503E-004   3.0240989015648880E-007   3.1566603171519978E-004   24.647585121001086     
         128   3.8000000000000016      -0.59388927892074661        1.3716313736130265E-002  0.19853830045934551        2.9559800459245738E-004   2.6296079996759121E-007   2.9599036361240217E-004   24.797068534777118     
         128   3.9000000000000017      -0.57488591262067457        1.3296925076988779E-002  0.18402442802882799        2.7801553375921852E-004   2.3069590156710741E-007   2.7762863602408657E-004   24.931094131765285     
         128   4.0000000000000018      -0.55727731901759969        1.2875234590490220E-002  0.16968057448695165        2.6008213983256455E-004   2.0695240784715887E-007   2.5839716358563153E-004   24.761884385867429     
         128   4.1000000000000014      -0.54071777711062874        1.2498490956267240E-002  0.15956966214864268        2.4512735874566771E-004   1.7953364091302639E-007   2.4423625430029756E-004   24.243568168060612     
         128   4.2000000000000011      -0.52512218050636283        1.2236342817515046E-002  0.15135250718967838        2.3542113803932396E-004   1.6602698079195216E-007   2.3457576112308621E-004   24.852996273664370     
         128   4.3000000000000007      -0.51054481192601242        1.1947457362321339E-002  0.14263034018044671        2.2418272411572180E-004   1.5007235448661528E-007   2.2332678074813293E-004   24.685404621921517     
         128   4.4000000000000004      -0.49686085233238780        1.1669808620196526E-002  0.13563972830556789        2.1362326919673795E-004   1.3531548796604095E-007   2.1619711130628732E-004   25.286209147954402     
         128   4.5000000000000000      -0.48382561013117475        1.1392487398719597E-002  0.12525370949896655        2.0319686318890620E-004   1.2323320077540785E-007   2.0460788105557075E-004   25.192978919286379     
         128   4.5999999999999996      -0.47140267849446776        1.1261607699073783E-002  0.12046203084706712        1.9846884505739183E-004   1.1715844287790482E-007   1.9829835288273572E-004   24.298371590418405     
         128   4.6999999999999993      -0.45980241138454425        1.1096965824230504E-002  0.11300081471881897        1.9349246776271368E-004   1.1254850811498423E-007   1.8998263857102207E-004   24.925423673406684     
         128   4.7999999999999989      -0.44874284107204426        1.0858264490737839E-002  0.10776851226556861        1.8473496378484437E-004   1.0199925842898829E-007   1.8502813403097301E-004   24.508088834020299     
         128   4.8999999999999986      -0.43829328561857445        1.0599455838217779E-002  0.10267558833639806        1.7720560880458224E-004   9.5071539546025325E-008   1.7882890742576624E-004   24.834609664830172     
         128   4.9999999999999982      -0.42825310648743103        1.0579718893007146E-002   9.8074216420702964E-002   1.7545963586153930E-004   9.1627301648073455E-008   1.7453801324064842E-004   26.075937116033153     
