          16  0.14999999999999999       -2.0000000000000000        1.0000000000000000       -8.3359245432272177E-013   1.0000000000000000        1.0000000000000000        2.5518571763130875E-033   2.5000000000000000     
          16  0.25000000000000000       -2.0000000000000000        1.0000000000000000       -3.0009328355617981E-013   1.0000000000000000        1.0000000000000000        2.5518571763130875E-033   2.5000000000000000     
          16  0.34999999999999998       -2.0000000000000000        1.0000000000000000       -1.5310881814090809E-013   1.0000000000000000        1.0000000000000000        2.5518571763130875E-033   2.5000000000000000     
          16  0.44999999999999996       -2.0000000000000000        1.0000000000000000       -9.2621383813635768E-014   1.0000000000000000        1.0000000000000000        2.5518571763130875E-033   2.5000000000000000     
          16  0.54999999999999993       -2.0000000000000000        1.0000000000000000       -6.2002744536400802E-014   1.0000000000000000        1.0000000000000000        2.5518571763130875E-033   2.5000000000000000     
          16  0.64999999999999991       -2.0000000000000000        1.0000000000000000       -4.4392497567482231E-014   1.0000000000000000        1.0000000000000000        2.5518571763130875E-033   2.5000000000000000     
          16  0.74999999999999989       -1.9999987462387161       0.99999968655967908        1.7830556184869807E-005  0.99999937556811058       0.99999876085485717        2.4487525075225664E-009   2.4993981644016925     
          16  0.84999999999999987       -1.9999828783224674       0.99999570978560681        1.9360007820474483E-004  0.99999145400679579       0.99998304462485355        3.3757041157859319E-008   2.4919780791799324     
          16  0.94999999999999984       -1.9998758384528585       0.99996822498746241        1.2134426221561197E-003  0.99993673953990880       0.99987462559918550        2.7184022541543255E-007   2.5042744923340199     
          16   1.0499999999999998       -1.9993706901955868       0.99983840192452356        5.3748390379185608E-003  0.99967841466905594       0.99936319628781789        1.3956638981195514E-006   2.5335551635775673     
          16   1.1499999999999999       -1.9975536374749248       0.99936514621990968        1.8745876156270023E-002  0.99873756814266035       0.99750381481006123        5.7419187565071702E-006   2.4957306766875962     
          16   1.2500000000000000       -1.9925576730190571       0.99804426952733205        5.0754480114447442E-002  0.99611526795351879       0.99233552025293847        1.8506476307357747E-005   2.4957968035597764     
          16   1.3500000000000001       -1.9820904510406219       0.99520959362462391       0.10548359542124912       0.99050138804474952       0.98132391924237494        4.8745128123975712E-005   2.4914034443529234     
          16   1.4500000000000002       -1.9654341540245737       0.99057169555541624       0.16913933722335708       0.98135076631873153       0.96350634416661507        1.0322170443767842E-004   2.5186739679210786     
          16   1.5500000000000003       -1.9431391831745235       0.98408831964643928       0.23243576667858312       0.96863846452688140       0.93905198665096634        1.9212422979597286E-004   2.4970484370201098     
          16   1.6500000000000004       -1.9156243731193581       0.97567391628009026       0.30179894592857964       0.95228878606645129       0.90814842600581858        3.2937020452766911E-004   2.4913239412097861     
          16   1.7500000000000004       -1.8810707904964894       0.96438947702482447       0.38526296946589805       0.93064026383961451       0.86821812689473432        5.5647309065881253E-004   2.5189745460436357     
          16   1.8500000000000005       -1.8376127601554664       0.94908416656218653       0.48984204395882824       0.90179904092159291       0.81678364430586903        9.4240643241768078E-004   2.4901399677994558     
          16   1.9500000000000006       -1.7822536750877633       0.92735805071464394       0.62573731577445468       0.86198570259117191       0.74924720898491060        1.6751464252921370E-003   2.4938948088199968     
          16   2.0500000000000007       -1.7119321636785356       0.89564801827357077       0.80725780487969812       0.80652264272676422       0.66196494813540474        3.1144018372885576E-003   2.4930920048853276     
          16   2.1271875000000002       -1.6439718765672016       0.85953791060682050       0.96987991794812212       0.74714292107278868       0.57683520883856076        5.2278279637420939E-003   2.4667642908245782     
          16   2.1413687500000003       -1.6303254685932798       0.85143669289117352        1.0061937524955802       0.73443070942564015       0.55979995893142598        5.7955665519564799E-003   2.5064674426916707     
          16   2.1555500000000003       -1.6155797470536610       0.84257693000877631        1.0443179176934003       0.72061850973452579       0.54152207268408514        6.3389567641135647E-003   2.4862865062306532     
          16   2.1697312500000003       -1.6009646125877632       0.83340717464894687        1.0778466180879103       0.70655613722270327       0.52337914428967935        6.9991659688000930E-003   2.5079283222872881     
          16   2.1839125000000004       -1.5855170981695086       0.82332597401579743        1.1159704941592137       0.69153985623251590       0.50455253982887516        7.6894499265636705E-003   2.4879983127405643     
          16   2.1980937500000004       -1.5701557014794383       0.81288984139919762        1.1433861944956092       0.67617910035036755       0.48571322849087617        8.4638702422282705E-003   2.4965264141763903     
          16   2.2122750000000004       -1.5540624608199598       0.80170021784102308        1.1824749867864328       0.65994344942787342       0.46631026782975377        9.2534235051578376E-003   2.5119645095686103     
          16   2.2264562500000005       -1.5372647238590773       0.78972995157347037        1.2116203487838164       0.64279144945211608       0.44609396765751197        1.0156449538072628E-002   2.4970498752473045     
          16   2.2406375000000005       -1.5204506880015045       0.77726758400200602        1.2391727860694448       0.62540104444191946       0.42628585914559025        1.1059196944476620E-002   2.4864693002295040     
          16   2.2548187500000005       -1.5033347699348043       0.76447316559052159        1.2653127204978125       0.60759553425290513       0.40635492802812428        1.2030390880339515E-002   2.5113326690179516     
          16   2.2690000000000006       -1.4860165653209629       0.75079176984077234        1.2848000553876648       0.58922932386637450       0.38648903258089740        1.3115031643329358E-002   2.4998265621908380     
          16   2.2831812500000006       -1.4674148225927783       0.73599766095160479        1.3079646292996019       0.56960574242870210       0.36576094400411363        1.4155638886861152E-002   2.4863044160303622     
          16   2.2973625000000006       -1.4502915778585757       0.72150988120611836        1.3213794840057698       0.55083834756221794       0.34660953818802670        1.5319439951385086E-002   2.4771941175121639     
          16   2.3115437500000007       -1.4319736553410232       0.70638160575476427        1.3346312187334122       0.53135237622045828       0.32697333086760288        1.6390372419698897E-002   2.4900879983643693     
          16   2.3257250000000007       -1.4136450758525576       0.69066704018304914        1.3268806893331506       0.51140871375111663       0.30728770779064646        1.7557988933596873E-002   2.4890458246560270     
          16   2.3399062500000007       -1.3955112995235708       0.67481638274197597        1.3332395357412556       0.49194483000392780       0.28881485629928605        1.8706410077443718E-002   2.4939459194250420     
          16   2.3540875000000008       -1.3771872257397191       0.65826567593405216        1.3248671675782262       0.47187415349686757       0.27024282161401419        1.9917838626675580E-002   2.5077257961197494     
          16   2.3682687500000008       -1.3591994342402207       0.64161294430165494        1.3243235834423672       0.45239896033926974       0.25298974255502499        2.1085349955549171E-002   2.5171498619641479     
          16   2.3824500000000008       -1.3414872743229689       0.62555766910105315        1.3127233806777450       0.43354824590348190       0.23639517696067100        2.2100821357521925E-002   2.5240395171584091     
          16   2.3966312500000009       -1.3236283851554664       0.60857084926654970        1.2943241926407154       0.41419521855973190       0.22003585316598556        2.3259775613320346E-002   2.4989334399799237     
          16   2.4108125000000009       -1.3061774385656970       0.59192019417627884        1.2748431181430240       0.39557880474308665       0.20461960133818075        2.4361400901371080E-002   2.5317010986955917     
          16   2.4249937500000009       -1.2891227980817452       0.57590621473796388        1.2588236475746326       0.37794190264274269       0.19043555711515606        2.5285564630371932E-002   2.5103207376462633     
          16   2.4391750000000010       -1.2716461493856570       0.55855366881895685        1.2355118211339586       0.35934247015950194       0.17597341800715732        2.6428879698051584E-002   2.4936675432446540     
          16   2.4533562500000010       -1.2557438330616850       0.54301962528209624        1.2113891131888137       0.34288681520023939       0.16344856869843166        2.7164661717187132E-002   2.5204968200624305     
          16   2.4675375000000010       -1.2389792424147443       0.52630453861584758        1.1824658489486259       0.32575313219933238       0.15090793123982524        2.8162070093482358E-002   2.4767259316226111     
          16   2.4817187500000011       -1.2224664618856569       0.50998908835882650        1.1569629846330889       0.30925997704416963       0.13915340500375595        2.8895393854910204E-002   2.5180266742261619     
          16   2.4959000000000011       -1.2071988622116350       0.49488332184052158        1.1289437332686763       0.29405658718097649       0.12853617540899751        2.9629614042708370E-002   2.5044610620327248     
          16   2.5100812500000012       -1.1909985033224675       0.47865878886659979        1.1013379629264939       0.27844312998810883       0.11816362365136818        3.0403268738793225E-002   2.5071595426695548     
          16   2.5242625000000012       -1.1760255375501505       0.46400549304162486        1.0701488557773418       0.26433000325439210       0.10882896186533564        3.0942162596868508E-002   2.4884815301629915     
          16   2.5384437500000012       -1.1615177955742226       0.44910120987963892        1.0411147263736689       0.25037903138125311        9.9968815214461160E-002   3.1620619082000700E-002   2.5149120547957637     
          16   2.5526250000000013       -1.1470596947091274       0.43479908475426277        1.0087453034908247       0.23727081972235065        9.1900040442693828E-002   3.2070569684967229E-002   2.4937317615986689     
          16   2.5668062500000013       -1.1330004858324976       0.42118472605315949       0.98314727410951475       0.22500649654040245        8.4547153500244096E-002   3.2509499852633308E-002   2.4804024227609949     
          16   2.5809875000000013       -1.1196810744734202       0.40802105535356070       0.95664260120476996       0.21347049908269730        7.7887409483190020E-002   3.2903459392958301E-002   2.5070279197732499     
          16   2.5951687500000014       -1.1063302407221665       0.39445962888665997       0.92092473980424927       0.20163416274213264        7.1191081817606569E-002   3.3371441800558538E-002   2.4963539972950990     
          16   2.6093500000000014       -1.0929902206619859       0.38190849893430290       0.89672815648967252       0.19096820888691465        6.5350905578329399E-002   3.3499269190610685E-002   2.4915553361907845     
          16   2.6235312500000014       -1.0806774228936811       0.37014531876880641       0.86470015721475546       0.18109739955951840        6.0042269104660123E-002   3.3783856079143006E-002   2.4980635824739021     
          16   2.6377125000000015       -1.0683448783851555       0.35844355331619859       0.84381980110778765       0.17164555785887936        5.5238280221474249E-002   3.3969182082938136E-002   2.5192613603858778     
          16   2.6518937500000015       -1.0567240393054163       0.34732988026579742       0.81308079983028569       0.16238820495911563        5.0392778631778004E-002   3.4031147583564222E-002   2.5081239416299237     
          16   2.6660750000000015       -1.0446953360080240       0.33660367822216652       0.78694265548097997       0.15400036198683942        4.6326418176887478E-002   3.4037262521555776E-002   2.4657883782961871     
          16   2.6802562500000016       -1.0335392897442326       0.32694462293129389       0.76583884238678690       0.14644051478164963        4.2699465379866221E-002   3.4011244678222870E-002   2.5013450415864802     
          16   2.6944375000000016       -1.0228067797141425       0.31718520796765298       0.74045110481546206       0.13891671948829887        3.9199513696356408E-002   3.3971175860927391E-002   2.4971999859003775     
          16   2.7000000000000002       -1.0191128463515546       0.31408301075100303       0.73383012419279736       0.13655824422118895        3.8096062236305780E-002   3.3958428540997385E-002   2.4977117354344363     
          16   2.8000000000000003      -0.95085016769057173       0.25952864452733199       0.59666319473251539        9.7339569214234492E-002   2.1671686783505822E-002   3.2760087765152858E-002   2.5228248204563970     
          16   2.9000000000000004      -0.89384528585757272       0.22137635562938818       0.50311141452275032        7.2710931255681108E-002   1.3063693066298543E-002   3.0813731035228796E-002   2.4809320710939038     
          16   3.0000000000000004      -0.84608693267301904       0.19458032300025074       0.43548672273908973        5.7168428350236257E-002   8.4785441670066110E-003   2.8491809129090932E-002   2.4732118207777094     
          16   3.1000000000000005      -0.80369256206118356       0.17480699912236711       0.38154573324132834        4.6524683608932263E-002   5.7855070953854284E-003   2.6317316210438046E-002   2.5029057701954533     
          16   3.2000000000000006      -0.76655372367101304       0.15987027488716149       0.34148840984290862        3.9199915726182456E-002   4.2214953361514396E-003   2.4232985447075740E-002   2.5099281309258847     
          16   3.3000000000000007      -0.73313820367352056       0.14778591634277832       0.30821905447781633        3.3676363410299254E-002   3.1689002823248997E-003   2.2533590544170638E-002   2.5177806095161035     
          16   3.4000000000000008      -0.70354869295386158       0.13876890436935807       0.27940323408321527        2.9765410581108560E-002   2.4998592405132540E-003   2.0989490564505300E-002   2.4997203832175554     
          16   3.5000000000000009      -0.67569658193329984       0.13102400952858576       0.25481875204782461        2.6584068612086259E-002   2.0074693857128905E-003   1.9539003781220043E-002   2.5144371224258788     
          16   3.6000000000000010      -0.65060337261785361       0.12439637271188565       0.23527780143028351        2.4055897091910496E-002   1.6636530927278722E-003   1.8363142733962830E-002   2.5176815355731206     
          16   3.7000000000000011      -0.62743370737211634       0.11909505861334002       0.21653106440056000        2.2062725958637633E-002   1.4051605722378406E-003   1.7266055085790176E-002   2.4862661981454171     
          16   3.8000000000000012      -0.60605566700100300       0.11454090787988967       0.20091594371641569        2.0420322705176075E-002   1.2061772691581020E-003   1.6396086774041793E-002   2.5168772609942995     
          16   3.9000000000000012      -0.58595877476178537       0.10985001880641926       0.18709773366635354        1.8830961879779964E-002   1.0312395416192687E-003   1.5555392320179875E-002   2.5074820551879435     
          16   4.0000000000000009      -0.56781073689819461       0.10692466070085256       0.17452776606109530        1.7825698929062578E-002   9.2391962363919914E-004   1.4787973585693517E-002   2.4940850904159300     
          16   4.1000000000000005      -0.55048493135656973       0.10339557735707121       0.16218994647810142        1.6677658096359391E-002   8.0805323080140109E-004   1.4130446778814620E-002   2.4903874756986983     
          16   4.2000000000000002      -0.53421777049899699       0.10054383854689067       0.15324605316119116        1.5801236871013431E-002   7.3242963482266139E-004   1.3558224908696797E-002   2.4896474001429194     
          16   4.2999999999999998      -0.51918991349047139        9.8054613057923776E-002  0.14386568881947623        1.5028571585116678E-002   6.6273952141187437E-004   1.3028847687551810E-002   2.5042349259237402     
          16   4.3999999999999995      -0.50470458249749250        9.5843663803911738E-002  0.13530240711910047        1.4367723838017959E-002   6.0667701119719564E-004   1.2542662062981883E-002   2.5130036410723715     
          16   4.4999999999999991      -0.49162863590772315        9.3910540214393184E-002  0.12796111958720027        1.3805954453937985E-002   5.6110476108161417E-004   1.2112958908593050E-002   2.5076555605372719     
          16   4.5999999999999988      -0.47903840427532596        9.1848240032597797E-002  0.12089971304799541        1.3185872926396376E-002   5.0975970490466625E-004   1.1751700817528351E-002   2.4943571138713332     
          16   4.6999999999999984      -0.46678265264543634        9.0158267772066203E-002  0.11482556733681618        1.2722598183956164E-002   4.7851014881391998E-004   1.1381651058280354E-002   2.5026216186106947     
          16   4.7999999999999980      -0.45534929005767300        8.8396067107572723E-002  0.10909149832489491        1.2237836709591665E-002   4.4180201384292142E-004   1.1037392129324456E-002   2.4635363940687385     
          16   4.8999999999999977      -0.44467617696840522        8.7074426404212632E-002  0.10321737671475234        1.1856272553010593E-002   4.1406035703516294E-004   1.0772895905481012E-002   2.5101288037260479     
          16   4.9999999999999973      -0.43420072718154462        8.5542212575225679E-002   9.8454846974725813E-002   1.1456428918101962E-002   3.8783527665968643E-004   1.0463560992198221E-002   2.4916863656019586     
          32  0.14999999999999999       -2.0000000000000000        1.0000000000000000       -3.3343698172908871E-012   1.0000000000000000        1.0000000000000000        4.3333423748712807E-034   2.5000000000000000     
          32  0.25000000000000000       -2.0000000000000000        1.0000000000000000       -1.2003731342247193E-012   1.0000000000000000        1.0000000000000000        4.3333423748712807E-034   2.5000000000000000     
          32  0.34999999999999998       -2.0000000000000000        1.0000000000000000       -6.1243527256363236E-013   1.0000000000000000        1.0000000000000000        4.3333423748712807E-034   2.5000000000000000     
          32  0.44999999999999996       -2.0000000000000000        1.0000000000000000       -3.7048553525454307E-013   1.0000000000000000        1.0000000000000000        4.3333423748712807E-034   2.5000000000000000     
          32  0.54999999999999993       -2.0000000000000000        1.0000000000000000       -2.4801097814560321E-013   1.0000000000000000        1.0000000000000000        4.3333423748712807E-034   2.5000000000000000     
          32  0.64999999999999991       -1.9999997649197592       0.99999994122993985        4.4510908875504826E-006  0.99999988257466488       0.99999976560757442        1.1478527379012033E-010   2.4995486278287542     
          32  0.74999999999999989       -1.9999960134309178       0.99999900090897698        5.7435126603025272E-005  0.99999800380756521       0.99999601555743811        1.9565853646758929E-009   2.4924706860829251     
          32  0.84999999999999987       -1.9999403385939067       0.99998488140201858        7.2633396535120968E-004  0.99996979654134210       0.99993972769646988        3.0897808591397168E-008   2.5077316294828855     
          32  0.94999999999999984       -1.9995372347511284       0.99988247946965902        4.9263955250320761E-003  0.99976525852888254       0.99953171176637490        2.4459572817477256E-007   2.5064831526234412     
          32   1.0499999999999998       -1.9977146772348295       0.99941440532535109        2.1261551778116110E-002  0.99883070592775025       0.99766896189133447        1.2628164314108343E-006   2.5059477922855740     
          32   1.1499999999999999       -1.9929846179162487       0.99818261424899701        5.2315601674522337E-002  0.99637329606617708       0.99277867780806839        4.0947905946276613E-006   2.5391738976944604     
          32   1.2500000000000000       -1.9853098455522817       0.99613918905152954        8.4702407619245260E-002  0.99230295713112848       0.98470343814817674        9.1936318252543099E-006   2.5199447953853564     
          32   1.3500000000000001       -1.9747781626128385       0.99325775666844285       0.12227817307536824       0.98657843381256127       0.97340567803823452        1.7205212183289756E-005   2.4905361530100496     
          32   1.4500000000000002       -1.9603162808738717       0.98917256163020306       0.16918919411289490       0.97849265085180159       0.95756594211486901        3.0149791358179523E-005   2.5020172709275328     
          32   1.5500000000000003       -1.9405792573031595       0.98337265703360077       0.22801855934757331       0.96707345558862867       0.93542991380513496        5.1370628756494743E-005   2.5067750801193487     
          32   1.6500000000000004       -1.9143264069552408       0.97528185141361590       0.29902104048114692       0.95126216364241645       0.90523024489189707        8.6555189135742807E-005   2.4824867788499243     
          32   1.7500000000000004       -1.8801133674460884       0.96406375865878891       0.38603543716120375       0.92956909098381257       0.86465156725329584        1.4790826324448706E-004   2.4923966413404126     
          32   1.8500000000000005       -1.8363562072937563       0.94857715725300906       0.49594186353960229       0.90006486883134751       0.81106140829640838        2.5805106337239991E-004   2.4812037820890849     
          32   1.9500000000000006       -1.7801524691261283       0.92647608842151452       0.63345317785196653       0.85886655375137255       0.73935629479751463        4.8300215093621747E-004   2.4840898242841449     
          32   2.0500000000000007       -1.7080462383243480       0.89359153143022818       0.82067282966362032       0.79962786923200935       0.64280460904131165        1.0122425493285605E-003   2.4959178113924798     
          32   2.1980937500000000       -1.5550673994640170       0.79547289328924276        1.3089908356797693       0.63989210813669650       0.42343353547232165        4.5860438710937784E-003   2.5310109486093442     
          32   2.2051843750000000       -1.5460067801059427       0.78759888552375878        1.3403210805912575       0.62829904960892502       0.40988839619794470        5.0200036680915876E-003   2.5148297348663213     
          32   2.2122750000000000       -1.5364281614374373       0.77929829527645433        1.3689945970130011       0.61623797624257048       0.39607943473108143        5.4862164962912003E-003   2.4736092196417556     
          32   2.2193656250000000       -1.5267819865847543       0.77067812813440317        1.3928000657213218       0.60380792277268203       0.38197271687880596        5.9306006457021136E-003   2.5093475979441044     
          32   2.2264562500000000       -1.5166445821840522       0.76105705789242728        1.4336729411433200       0.59030791708315866       0.36731249886552253        6.4884342700485586E-003   2.5104638101591248     
          32   2.2335468750000000       -1.5063361764982448       0.75090021529432049        1.4597892608740017       0.57620654775720903       0.35218796281938730        7.0818747698713318E-003   2.5437093408034537     
          32   2.2406375000000001       -1.4964113825852559       0.74098508415872621        1.4868783124884017       0.56273025208514338       0.33814488341212068        7.6659114259272493E-003   2.5361107990559457     
          32   2.2477281250000001       -1.4855793062782097       0.72962961149072214        1.5220719411142876       0.54749552741093765       0.32270693112169763        8.3710828725877210E-003   2.5162290668757303     
          32   2.2548187500000001       -1.4750916225238215       0.71872476805416252        1.5441814042771174       0.53303860166008277       0.30824003030166625        8.9993652648993495E-003   2.4942028608986897     
          32   2.2619093750000001       -1.4644374725739719       0.70672370627507519        1.5620504093163103       0.51741385715297139       0.29306495066611471        9.7875779997297352E-003   2.5056760177036050     
          32   2.2690000000000001       -1.4534001908067953       0.69410884998746236        1.5780459353286929       0.50141502724726916       0.27800382740175589        1.0569168724824284E-002   2.5343281778241367     
          32   2.2760906250000001       -1.4421217852777082       0.68088310830930288        1.5967400777181651       0.48484616481432824       0.26281918440610297        1.1355702439801562E-002   2.5002357662325929     
          32   2.2831812500000002       -1.4310465086666249       0.66729485330992977        1.6093670066891543       0.46836894128124118       0.24825020050507296        1.2227368224954424E-002   2.5175976660414796     
          32   2.2902718750000002       -1.4200894872116350       0.65366279502570213        1.6204756565103193       0.45193003402908921       0.23396304772446128        1.3049273688117783E-002   2.5299925700496639     
          32   2.2973625000000002       -1.4085910955522818       0.63905005543975679        1.6250986232244107       0.43471955898173953       0.21952901524031548        1.3969342150482639E-002   2.5141727771948736     
          32   2.3044531250000002       -1.3973813530435055       0.62462216728309927        1.6279714681659658       0.41818150970856904       0.20609196954217607        1.4801282607899299E-002   2.4981619549138019     
          32   2.3115437500000002       -1.3862545938597042       0.60958629795636909        1.6282415306170817       0.40119816693044830       0.19263921408246779        1.5649083819970256E-002   2.4904255730998046     
          32   2.3186343750000002       -1.3749983936183550       0.59402603317765801        1.6310637933071015       0.38416879087656647       0.17966246279663919        1.6602895005283867E-002   2.5074483833138039     
          32   2.3257250000000003       -1.3636846672830993       0.57828621117258028        1.6173178496716709       0.36713145954319559       0.16696890057407843        1.7524487774087192E-002   2.5114295729014442     
          32   2.3328156250000003       -1.3525045252946339       0.56234122288741228        1.6034157450587307       0.35034857127228852       0.15495943620657190        1.8461461650790389E-002   2.5280663926274505     
          32   2.3399062500000003       -1.3414133905623120       0.54642936132616604        1.5932876021760276       0.33386150902467843       0.14340784651601074        1.9211572484744609E-002   2.5246049124796857     
          32   2.3469968750000003       -1.3307412079989971       0.53052669238183303        1.5880832946169154       0.31801658751852174       0.13292469192293868        2.0042150267549019E-002   2.4981683220237576     
          32   2.3540875000000003       -1.3195642102087513       0.51383576510782347        1.5672777084645779       0.30163715523248213       0.12224007936336949        2.0899819190774188E-002   2.5294823797219612     
          32   2.3611781250000003       -1.3087222409415746       0.49796267709378134        1.5465793563580037       0.28632135245840673       0.11252807068994820        2.1599699970003754E-002   2.5450800349013947     
          32   2.3682687500000004       -1.2979105382553913       0.48105171471445585        1.5223365583052575       0.27047960068062771       0.10297804988244816        2.2427797849459880E-002   2.5376065069185127     
          32   2.3753593750000004       -1.2872990651642426       0.46474208269339268        1.5039317951249351       0.25569460233690267        9.4386604034723279E-002   2.3100862419082102E-002   2.5057470376140696     
          32   2.3824500000000004       -1.2767238923802657       0.44879519907378385        1.4732423740704235       0.24118474773801077        8.6060541566707977E-002   2.3749231763518303E-002   2.4962101378721906     
          32   2.3895406250000004       -1.2669924225802407       0.43392103067013543        1.4457122312147763       0.22818460829877327        7.8988789347936850E-002   2.4270022082063216E-002   2.5039673785611822     
          32   2.3966312500000004       -1.2568135950821213       0.41796916628792630        1.4165448451683287       0.21445542354641131        7.1660304770625100E-002   2.4922648343278123E-002   2.5116783763771093     
          32   2.4037218750000005       -1.2466656708406469       0.40233753016863089        1.3866078325232771       0.20137127643841560        6.4976163825560651E-002   2.5463182681885403E-002   2.5032374417345844     
          32   2.4108125000000005       -1.2371392008055415       0.38839029294916000        1.3504514337004097       0.18976979659337814        5.9102905823165817E-002   2.5766634579028468E-002   2.5074082340659039     
          32   2.4179031250000005       -1.2274188091618605       0.37324398978184553        1.3259939353676602       0.17790340624458212        5.3570917745319337E-002   2.6209720802236620E-002   2.4943487013803418     
          32   2.4249937500000005       -1.2183920315634402       0.36062279122523822        1.2958700571942663       0.16779215510415219        4.8761805796446574E-002   2.6389348155008211E-002   2.5185798078346688     
          32   2.4320843750000005       -1.2093721496520813       0.34688565697091273        1.2585818842204601       0.15722117302530147        4.4053536966454039E-002   2.6656503842870903E-002   2.5029476516360161     
          32   2.4391750000000005       -1.2005480210161734       0.33467294951260029        1.2244169074810138       0.14783878667902206        3.9868022944405494E-002   2.6827570820437650E-002   2.5134092154171288     
          32   2.4462656250000006       -1.1918520307014795       0.32213033142395936        1.1895880579102032       0.13840755413862743        3.5815446966223637E-002   2.6978437472676319E-002   2.5144943198242298     
          32   2.4533562500000006       -1.1834681485863840       0.31059131985801153        1.1617765677090077       0.13019875851653165        3.2550699697954912E-002   2.7060343942400436E-002   2.4926762964314095     
          32   2.4604468750000006       -1.1754614723075476       0.30004897994765545        1.1320708956793182       0.12261281030706560        2.9514554313952696E-002   2.7080454581612415E-002   2.4909938531018998     
          32   2.4675375000000006       -1.1674258811591023       0.28958763987274322        1.1056687161661711       0.11533541900343976        2.6734668838423896E-002   2.7025369535422301E-002   2.4988924956952738     
          32   2.4746281250000006       -1.1595520643963140       0.28017034501943328        1.0747669366289638       0.10880487683065676        2.4277975688786875E-002   2.7007910765938260E-002   2.5235333353988758     
          32   2.4817187500000006       -1.1521502691668757       0.27121269570430040        1.0522370045231568       0.10267658249903824        2.2024379976904537E-002   2.6859775852778316E-002   2.4883462933971159     
          32   2.5000000000000004       -1.1332950511691324       0.24956735440697092       0.98934823935467653        8.8694450202413885E-002   1.7279815491587355E-002   2.6381319920754188E-002   2.4864134553745760     
          32   2.6000000000000005       -1.0460177309271566       0.17301423802657975       0.75140141418664030        4.5092271385843319E-002   5.2521852051887015E-003   2.2119819979818871E-002   2.5247515545238866     
          32   2.7000000000000006      -0.97656245102494987       0.13487206737399698       0.62251996795393183        2.7968849040560403E-002   2.1662943115001308E-003   1.7732774611251716E-002   2.4892855009562274     
          32   2.8000000000000007      -0.91851819129262791       0.11286791037174022       0.52911974517637150        1.9740067963136234E-002   1.1103307913793450E-003   1.4306595150440646E-002   2.5103223597275464     
          32   2.9000000000000008      -0.86830078124999999        9.8368964314819451E-002  0.46268874749062067        1.5059397839973778E-002   6.5521060051517050E-004   1.1897059202113983E-002   2.4912815727548359     
          32   3.0000000000000009      -0.82457785465772315        8.8181238050087762E-002  0.40814616433193190        1.2129729690857852E-002   4.2861234173006003E-004   1.0121131928650520E-002   2.5049523776950884     
          32   3.1000000000000010      -0.78546752562374622        8.0470273124059674E-002  0.36580070858068470        1.0096813544347031E-002   2.9932242800008744E-004   8.7513595926791490E-003   2.4709029036842440     
          32   3.2000000000000011      -0.75057752358638419        7.4439852761409228E-002  0.32904857704271151        8.6772574919276868E-003   2.2303664694975329E-004   7.7241558140619176E-003   2.5223169508389209     
          32   3.3000000000000012      -0.71899199551780346        6.9701967229814449E-002  0.29784800856540883        7.6008308663172135E-003   1.7067164176634938E-004   6.8926098702924042E-003   2.5139032777215187     
          32   3.4000000000000012      -0.69021535309052151        6.5802740252006012E-002  0.27275445003648979        6.7894702211186778E-003   1.3728281827388674E-004   6.2565390174529863E-003   2.4990064697372585     
          32   3.5000000000000013      -0.66388981397316948        6.2594350434114848E-002  0.24939264419409121        6.1411648026201407E-003   1.1212540357745408E-004   5.6839397692061361E-003   2.5027003183736896     
          32   3.6000000000000014      -0.63987288035982948        5.9906918019684050E-002  0.23000069793006300        5.6260828842729363E-003   9.4193473903809313E-005   5.2435317703258839E-003   2.4818991664545993     
          32   3.7000000000000015      -0.61771954535481444        5.7423594024260283E-002  0.21299839212518334        5.1719150045810040E-003   7.9829893210925170E-005   4.8880054733703750E-003   2.5145323581514933     
          32   3.8000000000000016      -0.59701790919633901        5.5371005594909727E-002  0.19765258006868550        4.8040176896656768E-003   6.8632382177473387E-005   4.5687679901983708E-003   2.4962151216769537     
          32   3.9000000000000017      -0.57783047384340525        5.3595904902206622E-002  0.18388328775725066        4.5031480397001548E-003   6.0140248689015368E-005   4.2902020162853419E-003   2.4913957771022903     
          32   4.0000000000000018      -0.55981364993417748        5.1965549970223172E-002  0.17243069766095309        4.2376371037398082E-003   5.3625238744521625E-005   4.0558038361926301E-003   2.4662022915971153     
          32   4.1000000000000014      -0.54304242806544634        5.0633198423395184E-002  0.16107122891941336        4.0253149853307479E-003   4.8513031089519022E-005   3.8554976605984933E-003   2.5101291277315312     
          32   4.2000000000000011      -0.52734666891298898        4.9293113716148446E-002  0.15174022141120810        3.8095448990403827E-003   4.3289522946070282E-005   3.6732901490833516E-003   2.5104270048582671     
          32   4.3000000000000007      -0.51286960490847544        4.8124378016863090E-002  0.14235898281832110        3.6344492710461709E-003   3.9368013693981021E-005   3.5158603643610140E-003   2.4896319390134503     
          32   4.4000000000000004      -0.49862292933487962        4.6975624138039115E-002  0.13395127342565510        3.4649094990048270E-003   3.6006372861252162E-005   3.3622814830567100E-003   2.4940727456822858     
          32   4.5000000000000000      -0.48582230088703610        4.6013460302783353E-002  0.12679412650890051        3.3243489050219506E-003   3.3077600517174401E-005   3.2314764341566187E-003   2.4946845339114283     
          32   4.5999999999999996      -0.47325022920323473        4.5162254341148449E-002  0.11961244454103818        3.2040971356146076E-003   3.0615765837131745E-005   3.1106906477851256E-003   2.4882602530904578     
          32   4.6999999999999993      -0.46162354250250753        4.4434607533538117E-002  0.11354585112086943        3.0986434550079683E-003   2.8730028850625611E-005   3.0139062251962855E-003   2.4945809366752103     
          32   4.7999999999999989      -0.45042924672454865        4.3589890766048148E-002  0.10799970273321724        2.9827946669598641E-003   2.6555037920214019E-005   2.9143243949834897E-003   2.5152985991695758     
          32   4.8999999999999986      -0.43976810313753761        4.2937626355629387E-002  0.10301263314538796        2.8962949046878184E-003   2.5148583734658189E-005   2.8273302737934387E-003   2.5142688201647152     
          32   4.9999999999999982      -0.42965538216211135        4.2346051827357074E-002   9.7895561746985993E-002   2.8157273792813989E-003   2.3729988683128137E-005   2.7490668519798080E-003   2.5375343988407737     
          64  0.14999999999999999       -2.0000000000000000        1.0000000000000000       -1.3337479269163548E-011   1.0000000000000000        1.0000000000000000        2.6601907356848695E-033   2.5000000000000000     
          64  0.25000000000000000       -2.0000000000000000        1.0000000000000000       -4.8014925368988770E-012   1.0000000000000000        1.0000000000000000        2.6601907356848695E-033   2.5000000000000000     
          64  0.34999999999999998       -2.0000000000000000        1.0000000000000000       -2.4497410902545295E-012   1.0000000000000000        1.0000000000000000        2.6601907356848695E-033   2.5000000000000000     
          64  0.44999999999999996       -2.0000000000000000        1.0000000000000000       -1.4819421410181723E-012   1.0000000000000000        1.0000000000000000        2.6601907356848695E-033   2.5000000000000000     
          64  0.54999999999999993       -1.9999999902049899       0.99999999755124747        2.5904634888921664E-007  0.99999999510369064       0.99999999021216168        1.1956799353136820E-012   2.4999247731911782     
          64  0.64999999999999991       -1.9999993094517929       0.99999982736294823        1.3256309701357956E-005  0.99999965481138753       0.99999930996456787        8.4859075059415486E-011   2.5280026571971383     
          64  0.74999999999999989       -1.9999805813926153       0.99999511473874747        3.0393811289562976E-004  0.99999023216777483       0.99998047509009769        2.4320498187203798E-009   2.4879366910213436     
          64  0.84999999999999987       -1.9997532734923520       0.99993772577498119        3.3701098417944523E-003  0.99987549376344254       0.99975115624209987        3.1517143740971418E-008   2.4958333730139470     
          64  0.94999999999999984       -1.9985320414368104       0.99962709417314444        1.5855738342213817E-002  0.99925455768225546       0.99851059085295835        1.9427755621956369E-007   2.4898852869177115     
          64   1.0499999999999998       -1.9958569997100677       0.99893846089048399        3.2198256126082271E-002  0.99787863981161817       0.99576413802798136        5.7241064399364925E-007   2.5195069457984802     
          64   1.1499999999999999       -1.9916087667298772       0.99782552124145873        5.3072102475133109E-002  0.99565699144555186       0.99133770263211962        1.2230531035087822E-006   2.5014983489635032     
          64   1.2500000000000000       -1.9848629090396188       0.99602315246520812        8.2791637049023703E-002  0.99206449061721835       0.98420135277791732        2.3737918660848295E-006   2.4877815445220315     
          64   1.3500000000000001       -1.9747247332818769       0.99324519334370298       0.12119945098030767       0.98654033871985958       0.97327889086252417        4.3270703776638130E-006   2.4788187053331749     
          64   1.4500000000000002       -1.9602955521838954       0.98916802531618298       0.16864829555307059       0.97846091604818675       0.95741521957088438        7.5390038444885433E-006   2.4952464145158624     
          64   1.5500000000000003       -1.9405267070743479       0.98335762169320462       0.22861422876926341       0.96700516314181306       0.93514901528123440        1.2936837043548257E-005   2.4806929361142922     
          64   1.6500000000000004       -1.9142458258564756       0.97525033229571523       0.29958858625532009       0.95113515713449226       0.90474144058340089        2.1924672895543104E-005   2.5020837657021340     
          64   1.7500000000000004       -1.8799951882013226       0.96402498511158474       0.38776961048338826       0.92938185625473257       0.86389038299144216        3.7516119839613498E-005   2.5136669543236794     
          64   1.8500000000000005       -1.8360877211713265       0.94844806391831749       0.49608430088706684       0.89962059573758923       0.80955693430263576        6.6437093693288751E-005   2.4760566889822817     
          64   1.9500000000000006       -1.7797856117179665       0.92627312846743359       0.63652731883064273       0.85811065865136915       0.73679299358872485        1.2689877377510266E-004   2.4928164559681227     
          64   2.0500000000000007       -1.7071414707991162       0.89298747928355382       0.82930558663648968       0.79771559816246163       0.63725947260317772        2.7972830795173418E-004   2.4857623486150788     
          64   2.1500000000000008       -1.6105929335859139       0.83656060711431168        1.1328499473298883       0.70076373996323305       0.49356065938190352        8.4697254525378048E-004   2.4904660666319476     
          64   2.2335468750000000       -1.4977678469980253       0.73346297192358323        1.6378691541605321       0.54379022230953722       0.30567438878815956        3.8799409776866566E-003   2.5207709950281441     
          64   2.2370921875000001       -1.4918207380931858       0.72609329698078606        1.6688664547278922       0.53365103101658606       0.29544738111041280        4.1947772711592645E-003   2.5108632330338581     
          64   2.2406375000000001       -1.4859053331870611       0.71837334635743166        1.6928281104798741       0.52318067703287718       0.28513101098815063        4.5597259927176058E-003   2.5418779327414760     
          64   2.2441828125000001       -1.4799163995893931       0.71016599725935614        1.7232205229127733       0.51227041878396551       0.27465776589843377        4.9636351653369716E-003   2.4882204385206927     
          64   2.2477281250000001       -1.4738527618989783       0.70183285819372176        1.7443971527790072       0.50126317881832394       0.26425922628773435        5.3691672492073425E-003   2.5208725115875712     
          64   2.2512734375000001       -1.4675902169398822       0.69280372734414175        1.7696508608484152       0.48954151102807841       0.25344836223004569        5.8163517842109999E-003   2.5445428921063789     
          64   2.2548187500000001       -1.4612282183464456       0.68314834885515918        1.7992748400114991       0.47726694589034246       0.24248242719062513        6.3216590723829385E-003   2.5194356783742529     
          64   2.2583640625000001       -1.4550012855950665       0.67361784327592156        1.8264458823997096       0.46530778751569379       0.23195517964979859        6.7680671387563640E-003   2.5336255227254929     
          64   2.2619093750000001       -1.4486159650827481       0.66319485066527706        1.8485009697452779       0.45257309073191826       0.22122491662351410        7.3998221099085097E-003   2.5407144374863284     
          64   2.2654546875000001       -1.4419993745886095       0.65276569087144243        1.8551510043170696       0.43977510033603179       0.21042374852994422        7.8672432416991150E-003   2.5661636272813251     
          64   2.2690000000000001       -1.4354197063847793       0.64137615850481133        1.8723450521921443       0.42635179592530009       0.19961235832467433        8.4700722999835366E-003   2.5309069365106964     
          64   2.2725453125000001       -1.4288524092786170       0.62945497135939066        1.8978922656350696       0.41249227450867232       0.18876248960235248        9.1196324279081316E-003   2.5197534872191873     
          64   2.2760906250000001       -1.4223412057461446       0.61772247773594224        1.9081859116043560       0.39910412267014878       0.17855969803817459        9.7327548772170522E-003   2.5427562581423633     
          64   2.2796359375000002       -1.4155573752507522       0.60511493709644559        1.9168271239266936       0.38509021250510528       0.16818336641158343        1.0432441249487204E-002   2.5471464530511523     
          64   2.2831812500000002       -1.4088646383486396       0.59213286465842840        1.9283467096863209       0.37092721010940366       0.15805987940826552        1.1052814243026048E-002   2.5326618978896209     
          64   2.2867265625000002       -1.4021703685274574       0.57874301003596729        1.9271735388133810       0.35674879993275627       0.14823023970474186        1.1795144357061513E-002   2.5409525149234597     
          64   2.2902718750000002       -1.3954097081282910       0.56471976721179162        1.9449526286335332       0.34224212204441501       0.13860297512755732        1.2514391100890882E-002   2.5647902332819954     
          64   2.2938171875000002       -1.3886533379435180       0.55053912347393741        1.9471575221179167       0.32778907200218799       0.12915316946265198        1.3210845364984194E-002   2.5369073151176336     
          64   2.2973625000000002       -1.3817510563918318       0.53510536247414120        1.9395349698625703       0.31257285670746293       0.11966374479742377        1.4049084227593990E-002   2.5555566128213165     
          64   2.3009078125000002       -1.3749845875517177       0.52019763759050586        1.9417984951865119       0.29819623852266353       0.11098052304981894        1.4718460758905032E-002   2.5521262604366477     
          64   2.3044531250000002       -1.3682081008650953       0.50457555283036615        1.9382352140574233       0.28356303237744773       0.10249485019666218        1.5524787900335714E-002   2.5529734090895517     
          64   2.3079984375000002       -1.3614549924186623       0.48882104932962950        1.9344791003586217       0.26917644678470243        9.4483754629878278E-002   1.6303951340647643E-002   2.5344248663755531     
          64   2.3115437500000002       -1.3547974342950728       0.47293878339118917        1.9206570788950661       0.25489020205727791        8.6728401827783130E-002   1.6977658982210778E-002   2.5534772213265811     
          64   2.3150890625000002       -1.3481616872100677       0.45738010295535042        1.9039598529701578       0.24136019103565332        7.9646534669319285E-002   1.7615097808925284E-002   2.5417677840170483     
          64   2.3186343750000002       -1.3414251102918129       0.44102852992571462        1.8875747677750452       0.22731915284542287        7.2526736606588496E-002   1.8281387118811710E-002   2.5275098580966437     
          64   2.3221796875000003       -1.3346808222519120       0.42472273754858325        1.8634552162371243       0.21366197696062125        6.5856093580434955E-002   1.8976362732499155E-002   2.5432947543632340     
          64   2.3257250000000003       -1.3282204744115158       0.40905043744514796        1.8403221423763541       0.20085587751422984        5.9807323839037571E-002   1.9537796470654869E-002   2.5402635170137260     
          64   2.3292703125000003       -1.3216723975637852       0.39313412282746679        1.8183466573700997       0.18830642893118268        5.4174547107500984E-002   2.0084530892264970E-002   2.5592533813461942     
          64   2.3328156250000003       -1.3154476466508902       0.37817153486827670        1.7823922178283078       0.17647614966483866        4.8908458761370573E-002   2.0519564670877649E-002   2.5138910400358316     
          64   2.3363609375000003       -1.3091659573446903       0.36299439945814005        1.7452474740022468       0.16485268901618816        4.3938386244097405E-002   2.1024219653066813E-002   2.5562036467128726     
          64   2.3399062500000003       -1.3032399346476931       0.34931678825539120        1.7108212753429313       0.15466924512159141        3.9802763766860733E-002   2.1326294301998373E-002   2.5392360932604410     
          64   2.3434515625000003       -1.2971774625634718       0.33518495305251694        1.6730555472779380       0.14430992372117285        3.5669065565125641E-002   2.1649828067769820E-002   2.5378340370656494     
          64   2.3469968750000003       -1.2911964212951355       0.32164278357533538        1.6438094807708452       0.13467321677157729        3.1993008872863868E-002   2.1879873170364463E-002   2.5306641593829884     
          64   2.3505421875000003       -1.2855426998769748       0.30935033494036795        1.6081674224437823       0.12599294829213153        2.8756516269021939E-002   2.2040016155930642E-002   2.5065550103395711     
          64   2.3540875000000003       -1.2799411515797392       0.29791639444701290        1.5660586303669577       0.11812139358958126        2.5891204593702130E-002   2.2132355166692149E-002   2.5341548750410103     
          64   2.3576328125000003       -1.2745177059498809       0.28657425646078860        1.5238842903151155       0.11037544025820022        2.3164385629525559E-002   2.2218088726261225E-002   2.5256631844866231     
          64   2.3611781250000003       -1.2692165387764858       0.27583276195774825        1.5035954358297567       0.10335689254127510        2.0854988584777162E-002   2.2266446969089807E-002   2.5373464829902659     
          64   2.3647234375000004       -1.2638101976828924       0.26538702533381392        1.4687618687648472        9.6664541937044657E-002   1.8683380622347437E-002   2.2201545652745548E-002   2.5503296922093002     
          64   2.3682687500000004       -1.2586947953234704       0.25563364042322279        1.4363200102587454        9.0482813307012216E-002   1.6750259179142499E-002   2.2159636968250403E-002   2.5347904490534932     
          64   2.3718140625000004       -1.2536921947483075       0.24702094932257709        1.3991266943149252        8.5096490148197090E-002   1.5096326739844216E-002   2.1988738329451984E-002   2.5232817278838642     
          64   2.3753593750000004       -1.2487436332434805       0.23867790015554477        1.3765075060844401        8.0072067626261539E-002   1.3635002572872401E-002   2.1919274076068598E-002   2.5034013483398807     
          64   2.4000000000000004       -1.2164918510414056       0.19087598243950601        1.2201051301623356        5.3399904128182733E-002   6.8006356955494620E-003   2.0220029498081753E-002   2.4824403516251090     
          64   2.5000000000000004       -1.1127982066316136       0.10684740378361647       0.88538355147834014        1.7664790583350354E-002   8.8352651204090765E-004   1.2293828875261552E-002   2.4923497456583776     
          64   2.6000000000000005       -1.0326942693314318        7.7931669765154837E-002  0.71751963225006898        9.4611312722490213E-003   2.6073557683991481E-004   7.8406591195877874E-003   2.4643600214360286     
          64   2.7000000000000006      -0.96678181762083126        6.2769193811904461E-002  0.60075969102176774        6.1555717283170467E-003   1.1153682094952587E-004   5.5155285373550082E-003   2.5084785977230735     
          64   2.8000000000000007      -0.91078959534854564        5.3681789998902961E-002  0.51997298515802159        4.5116208596836958E-003   6.0348924530259193E-005   4.1730706575653026E-003   2.5089189536724814     
          64   2.9000000000000008      -0.86205401850081498        4.7430249733575729E-002  0.45534371090567749        3.5305381981037562E-003   3.7091953113776977E-005   3.3281572802556919E-003   2.5071346010370492     
          64   3.0000000000000009      -0.81909932923771311        4.2792409210052028E-002  0.40211540575979493        2.8741925440676354E-003   2.4731322325723005E-005   2.7528185877108207E-003   2.4929174728711070     
          64   3.1000000000000010      -0.78084239290136037        3.9344966050495235E-002  0.35956606120331042        2.4279938944603281E-003   1.7598736861707701E-005   2.3423224553955958E-003   2.4965142902782897     
          64   3.2000000000000011      -0.74655717641204866        3.6680451510782350E-002  0.32579271214057148        2.1101047354213213E-003   1.3333411851535122E-005   2.0426645961272262E-003   2.4993885971515790     
          64   3.3000000000000012      -0.71535055851147189        3.4367974529055920E-002  0.29656916404136174        1.8554969345674353E-003   1.0334144786163185E-005   1.8131531785113798E-003   2.4926056606065345     
          64   3.4000000000000012      -0.68708134168129387        3.2534389055839393E-002  0.27044122759135203        1.6618618963953247E-003   8.2631353927037829E-006   1.6305173624235017E-003   2.4910866338726039     
          64   3.5000000000000013      -0.66119554464173769        3.0922389972652332E-002  0.24835388368412270        1.5002403843964831E-003   6.7242758108373635E-006   1.4783397874893057E-003   2.5103714357226536     
          64   3.6000000000000014      -0.63713857637365223        2.9690547472495613E-002  0.22940098992253272        1.3839478591978250E-003   5.7283560071560432E-006   1.3568545021737650E-003   2.4633334480420626     
          64   3.7000000000000015      -0.61517087150122240        2.8528986618057296E-002  0.21193440924697607        1.2781906827402450E-003   4.8957532827315971E-006   1.2576005055560694E-003   2.4951665000557131     
          64   3.8000000000000016      -0.59467601535073977        2.7474313810572342E-002  0.19691276692969892        1.1848601110003060E-003   4.1936017393976223E-006   1.1702997191058661E-003   2.5102301878872408     
          64   3.9000000000000017      -0.57565541105739093        2.6662935584096038E-002  0.18300620901685533        1.1146802887873519E-003   3.7004322050499902E-006   1.1014404889571076E-003   2.4978878285092487     
          64   4.0000000000000018      -0.55796590210083374        2.5854345262349549E-002  0.17089881123374909        1.0499980588375387E-003   3.2983954101242637E-006   1.0376114397661895E-003   2.5232007471642555     
          64   4.1000000000000014      -0.54130873577764549        2.5127298399103562E-002  0.15998001742879112        9.9201962725448990E-004   2.9509682836023734E-006   9.8230359485267592E-004   2.4985429521906015     
          64   4.2000000000000011      -0.52572137555243859        2.4487822598655340E-002  0.15070886325121580        9.4122635624712422E-004   2.6521675871797701E-006   9.3395338572814610E-004   2.5317129635325224     
          64   4.3000000000000007      -0.51109906134418881        2.3887485209534855E-002  0.14251146121232897        8.9633665448325564E-004   2.4039665417091608E-006   8.9265069313830818E-004   2.4788984975075081     
          64   4.4000000000000004      -0.49725570755234455        2.3466984204566825E-002  0.13356055689178795        8.6545082307985810E-004   2.2467576749386478E-006   8.5513536489481698E-004   2.4788572189198295     
          64   4.5000000000000000      -0.48424233393539995        2.2992998771705742E-002  0.12706764344530197        8.3019922645304837E-004   2.0767422077094264E-006   8.2114990492194984E-004   2.4928602555389117     
          64   4.5999999999999996      -0.47190401037095664        2.2561793045151077E-002  0.11965320688558617        7.9959554263318671E-004   1.9150380861779614E-006   7.9183970127368096E-004   2.4849076444484628     
          64   4.6999999999999993      -0.46022831923504892        2.2113390954112338E-002  0.11352880374687389        7.6825610254568943E-004   1.7695803344655801E-006   7.6362217484969705E-004   2.5209156955677625     
          64   4.7999999999999989      -0.44912594227996488        2.1730600737760154E-002  0.10788368853844986        7.4308807237695907E-004   1.6626473160672511E-006   7.3939473822969969E-004   2.4952025612746014     
          64   4.8999999999999986      -0.43866933809240222        2.1414264766957122E-002  0.10293059801927926        7.2025987544772376E-004   1.5548145499349779E-006   7.1682842498683563E-004   2.4907299522853519     
          64   4.9999999999999982      -0.42863612811089519        2.1059888650325979E-002   9.7923891879905717E-002   6.9686103728016020E-004   1.4602670939136146E-006   6.9579819914244686E-004   2.5264197076836181     
         128  0.14999999999999999       -2.0000000000000000        1.0000000000000000       -5.3349917076654193E-011   1.0000000000000000        1.0000000000000000        3.9207438577326578E-033   2.5000000000000000     
         128  0.25000000000000000       -2.0000000000000000        1.0000000000000000       -1.9205970147595508E-011   1.0000000000000000        1.0000000000000000        3.9207438577326578E-033   2.5000000000000000     
         128  0.34999999999999998       -2.0000000000000000        1.0000000000000000       -9.7989643610181178E-012   1.0000000000000000        1.0000000000000000        3.9207438577326578E-033   2.5000000000000000     
         128  0.44999999999999996       -2.0000000000000000        1.0000000000000000       -5.9277685640726891E-012   1.0000000000000000        1.0000000000000000        3.9207438577326578E-033   2.5000000000000000     
         128  0.54999999999999993       -1.9999999767368513       0.99999999418421281        6.7998675062232247E-007  0.99999998836921022       0.99999997674155905        7.8322904163194400E-013   2.4993533830369712     
         128  0.64999999999999991       -1.9999972390315477       0.99999930669694626        5.6272039099345370E-005  0.99999861348637098       0.99999722734263397        8.6400475130562553E-011   2.5153182320268264     
         128  0.74999999999999989       -1.9999221394652709       0.99998043477355891        1.3687890551875139E-003  0.99996087291598346       0.99992175930529070        2.4275126453445548E-009   2.5206581845791454     
         128  0.84999999999999987       -1.9993835577778256       0.99984447268808374        7.6947761789169710E-003  0.99968899143118051       0.99937816701661009        1.9758618911125623E-008   2.5159456175281729     
         128  0.94999999999999984       -1.9981578898071166       0.99953211287916488        1.6752702023310421E-002  0.99906450572211591       0.99813013051406518        6.0971958671004841E-008   2.4908190839302784     
         128   1.0499999999999998       -1.9957900306143039       0.99892139706472938        3.1548011095169817E-002  0.99784410246960820       0.99569343132079657        1.4569995495794043E-007   2.4845131460560568     
         128   1.1499999999999999       -1.9916032135713782       0.99782450041775717        5.3432398818785240E-002  0.99565404078057229       0.99132819196201871        3.0703561493497291E-007   2.4985103028252742     
         128   1.2500000000000000       -1.9848480083806106       0.99601935904147987        8.2977863763646409E-002  0.99205515778250808       0.98417579353887885        5.9378170111307195E-007   2.4849152808958359     
         128   1.3500000000000001       -1.9747195058074614       0.99324378561710525       0.12125266056603599       0.98653429913877277       0.97325419010376890        1.0810170538799535E-006   2.5065949407604862     
         128   1.4500000000000002       -1.9602556179280028       0.98915386448652598       0.16928909172780676       0.97842725795771224       0.95732729545313699        1.8909774056252931E-006   2.4971610653490890     
         128   1.5500000000000003       -1.9405068023895906       0.98335068590782115       0.22827256610981511       0.96698180866288530       0.93506633522801408        3.2256668972797635E-006   2.5162565273273554     
         128   1.6500000000000004       -1.9142324611774777       0.97524936779332139       0.29922500236658800       0.95111680112678254       0.90464397755521153        5.4601861988315153E-006   2.5022088790569565     
         128   1.7500000000000004       -1.8799664257665576       0.96401283287117212       0.38837678912730239       0.92933016583469197       0.86368956880995762        9.3872604738443504E-006   2.4948972809716565     
         128   1.8500000000000005       -1.8359909532062986       0.94841323592359106       0.49668510092392248       0.89950443095479948       0.80916848765006344        1.6738071829387034E-005   2.5130011101020089     
         128   1.9500000000000006       -1.7795772510402301       0.92618299815217131       0.63638151379650265       0.85784711270952740       0.73601186681784680        3.2065970370698222E-005   2.4870168326833548     
         128   2.0500000000000007       -1.7068258994512835       0.89281355755498915       0.83333434038940501       0.79718873414619185       0.63574086010851083        7.1803838264692811E-005   2.5366582585428512     
         128   2.1500000000000008       -1.6099788727755533       0.83596372460888524        1.1394593096600925       0.69907322686830664       0.48936074984643424        2.3235797738169030E-004   2.5037353424252524     
         128   2.2512734375000001       -1.4624843898149527       0.67484512283187448        1.9552213668860405       0.46009900432513462       0.21864468538050030        3.2415144989862530E-003   2.5653544364772958     
         128   2.2530460937500001       -1.4589720100242132       0.66823942683764181        1.9819425208324222       0.45165438218974513       0.21135887193655531        3.4829387221022553E-003   2.5723141639991520     
         128   2.2548187500000001       -1.4555088709732713       0.66122134531034504        2.0160550560119512       0.44288297136941013       0.20403800183568538        3.7781455090028231E-003   2.5460075913754228     
         128   2.2565914062500001       -1.4519310256208078       0.65426660046056140        2.0273783026266621       0.43419339962101866       0.19683530978106240        4.0545414915703158E-003   2.5973248532106923     
         128   2.2583640625000001       -1.4483346070927627       0.64651945491014062        2.0577798820122242       0.42468868627370809       0.18915620349910248        4.3807299080546192E-003   2.6047721888738877     
         128   2.2601367187500001       -1.4446566089871176       0.63869091343855788        2.0820163498939777       0.41526492040466101       0.18172619470495457        4.6886501516667260E-003   2.5782576590730861     
         128   2.2619093750000001       -1.4409843685108059       0.63028592889263491        2.1036908728969079       0.40537114019719594       0.17417711385253265        5.0802567904361298E-003   2.5882383138988301     
         128   2.2636820312500001       -1.4373282475600631       0.62170026742826134        2.1243670263468486       0.39536830743933571       0.16667836882188233        5.4606471386355847E-003   2.5922348799960799     
         128   2.2654546875000001       -1.4336166433871929       0.61267547576812464        2.1381128688833733       0.38505620535855428       0.15915217913760715        5.8528673119607640E-003   2.5834110348727197     
         128   2.2672273437500001       -1.4298129869344360       0.60319589873135027        2.1619338140484192       0.37440672510919143       0.15157994397869573        6.2817505955703266E-003   2.6026426734359687     
         128   2.2690000000000001       -1.4260354978509748       0.59338890113945353        2.1731977276949226       0.36370216542976341       0.14421289282677488        6.7363548551401279E-003   2.6025308719327835     
         128   2.2707726562500001       -1.4221624749737494       0.58298706605656814        2.1918397616434162       0.35245180181747932       0.13663211447895332        7.2243258683243761E-003   2.6117595350273386     
         128   2.2725453125000001       -1.4183051088078689       0.57204076952537297        2.2131311120619208       0.34099293028564009       0.12924448278753217        7.7174399438500480E-003   2.5693911426700788     
         128   2.2743179687500001       -1.4143104343548223       0.56047687771566657        2.2244964388184267       0.32923038633900842       0.12190455496735156        8.2792700338226079E-003   2.5922255660366278     
         128   2.2760906250000001       -1.4104195000773805       0.54853780059661406        2.2469932322687174       0.31722286405671413       0.11459716532459971        8.8716211769206618E-003   2.5898945271205100     
         128   2.2778632812500001       -1.4065262694822749       0.53571764212314676        2.2690534873751149       0.30485253889345326       0.10743288339945051        9.4415460537268237E-003   2.6001803334965863     
         128   2.2796359375000002       -1.4025398124304553       0.52246945273075085        2.2813977353384698       0.29227213220523229       0.10032906139210336        1.0150577083085437E-002   2.6017331088407141     
         128   2.2814085937500002       -1.3985275277737510       0.50904874443888304        2.2927425880616168       0.27985452036744163        9.3591850194062243E-002   1.0703303327347941E-002   2.5815473701589453     
         128   2.2831812500000002       -1.3944687615091367       0.49476092370127961        2.3045130810794436       0.26693259082013437        8.6784885534707201E-002   1.1418761031491495E-002   2.6042678565066697     
         128   2.2849539062500002       -1.3904656749790387       0.48025846980639181        2.3108919297961239       0.25421387525553718        8.0383247235141383E-002   1.2068511414768135E-002   2.6218900880102280     
         128   2.2867265625000002       -1.3863223306393790       0.46463753198070773        2.3082966784782473       0.24071912520709882        7.3776033013015968E-002   1.2795316013937231E-002   2.6060656499382784     
         128   2.2884992187500002       -1.3823053762116428       0.44941037835185244        2.3031698019956486       0.22795087658414390        6.7747439051602437E-002   1.3460676539139918E-002   2.6331713731374817     
         128   2.2902718750000002       -1.3782048978968156       0.43394255336811216        2.3055641144681949       0.21529868220030485        6.2000098584428884E-002   1.4105259392264397E-002   2.6034040484597689     
         128   2.2920445312500002       -1.3742533233244656       0.41833067378404748        2.2835808739636256       0.20275579396071083        5.6501152375856629E-002   1.4748919112476000E-002   2.5994004817425669     
         128   2.2938171875000002       -1.3701169316053630       0.40258088535626413        2.2609839244908558       0.19029318418036192        5.1158421268789035E-002   1.5315891800136929E-002   2.6056957607987603     
         128   2.2955898437500002       -1.3661383087250032       0.38676846640997209        2.2308381434670301       0.17825573911899728        4.6259702952342906E-002   1.5971126376132905E-002   2.6045364839470357     
         128   2.2973625000000002       -1.3622969941318095       0.37218497564225883        2.2011717923778553       0.16725518222972974        4.1863660867037820E-002   1.6407206893414888E-002   2.5670487246400091     
         128   2.2991351562500002       -1.3584082802607040       0.35707226078871379        2.1704850549681054       0.15612839879133666        3.7604788683759938E-002   1.6902134082310401E-002   2.6054373458145914     
         128   2.3009078125000002       -1.3546199542230206       0.34303929825364765        2.1282068326514629       0.14597276820144509        3.3820596654373786E-002   1.7287308071875968E-002   2.5685681299926482     
         128   2.3026804687500002       -1.3508498658818251       0.32877289369328688        2.0984832662675510       0.13592297096948774        3.0197530654477327E-002   1.7698067512830130E-002   2.5717960458195304     
         128   2.3044531250000002       -1.3472225710334127       0.31601652583482870        2.0594965168539163       0.12720979204235100        2.7222359980038927E-002   1.7920201586686512E-002   2.5788830979872861     
         128   2.3062257812500002       -1.3435955082043003       0.30320675956090931        2.0177173677298836       0.11855497735568370        2.4307263150051776E-002   1.8164592469107916E-002   2.5636670837934874     
         128   2.3079984375000002       -1.3400572689748935       0.29080201787001630        1.9749696467709370       0.11046596379253786        2.1711111209328116E-002   1.8298809039146432E-002   2.5612955449747243     
         128   2.3097710937500002       -1.3366013304806998       0.27926489306787550        1.9434328303749215       0.10308796732437049        1.9446540575403692E-002   1.8509849485473642E-002   2.5399412488214788     
         128   2.3115437500000002       -1.3331871119951653       0.26854142536251330        1.8990040698489716        9.6269112202108140E-002   1.7365316842722727E-002   1.8557001427222906E-002   2.5467492538069907     
         128   2.3133164062500002       -1.3298893133257192       0.25780973780717154        1.8651457231924482        8.9730797304641993E-002   1.5489566997693374E-002   1.8597505373813245E-002   2.5138136982035815     
         128   2.3150890625000002       -1.3265662159819303       0.24827115869091651        1.8407596818490179        8.3978914412312061E-002   1.3873991386642215E-002   1.8552788922037856E-002   2.5230411117105618     
         128   2.3168617187500002       -1.3234094128087388       0.23906373998705099        1.7962155725791240        7.8584636034128241E-002   1.2419096428665587E-002   1.8554686839569689E-002   2.5236267414623779     
         128   2.3186343750000002       -1.3201596121371928       0.23011205062942736        1.7741475877813042        7.3442445451481528E-002   1.1104312098913393E-002   1.8419485528505239E-002   2.5205235620252120     
         128   2.3204070312500003       -1.3170683137057657       0.22200482734825572        1.7507739895987655        6.8932052658667170E-002   9.9883646244050307E-003   1.8251396745266674E-002   2.5247996704814222     
         128   2.3221796875000003       -1.3139572899607024       0.21431840565642241        1.7158686365207703        6.4740676315073506E-002   8.9825181850657580E-003   1.8107426685819002E-002   2.4982377103940827     
         128   2.4000000000000004       -1.2071631067518964        8.3202166007299239E-002   1.1460608518597479        1.0758034156648482E-002   3.3395591186627561E-004   8.1859348601631340E-003   2.5204641861159627     
         128   2.5000000000000004       -1.1077365041903053        5.0314686123801092E-002  0.86976900156204495        3.9582085659505134E-003   4.6150835354613326E-005   3.6343686637341664E-003   2.4621480893109169     
         128   2.6000000000000005       -1.0293758344124169        3.7641635232846977E-002  0.70623306061039159        2.2220016650504309E-003   1.4709271698760669E-005   2.1346053061362617E-003   2.4987780205756738     
         128   2.7000000000000006      -0.96437537282256924        3.0867700758525577E-002  0.59799191730487511        1.4943560984811428E-003   6.6642034420230419E-006   1.4543732573706186E-003   2.4931836802841270     
         128   2.8000000000000007      -0.90877408103215895        2.6495868525988120E-002  0.51619121276673352        1.1025345138271330E-003   3.6359034150503735E-006   1.0819786007862113E-003   2.4964203730246890     
         128   2.9000000000000008      -0.86045942882358006        2.3490173584719002E-002  0.45201958423578842        8.6703129938486942E-004   2.2508996147255735E-006   8.5316793861103357E-004   2.5148528594413988     
         128   3.0000000000000009      -0.81773006703215112        2.1239935933288146E-002  0.40140108414144704        7.0885911512906952E-004   1.5096464977806837E-006   7.0188685801546573E-004   2.4916576920525024     
         128   3.1000000000000010      -0.77971955233375911        1.9519325493570557E-002  0.36017560009834987        5.9792420954827435E-004   1.0675011174951874E-006   5.9519538653231524E-004   2.5068906212614723     
         128   3.2000000000000011      -0.74548148473741538        1.8189469531641800E-002  0.32556736732242636        5.1962667117745370E-004   8.1088395459006651E-007   5.1693527997388018E-004   2.4918253436116626     
         128   3.3000000000000012      -0.71448972834029434        1.7103607881750721E-002  0.29552976238393031        4.5938227878679843E-004   6.3395912530664006E-007   4.5790211539854846E-004   2.4821619549602323     
         128   3.4000000000000012      -0.68621132501508431        1.6233637129650671E-002  0.26864580578320363        4.1344386505835513E-004   5.1095283799638812E-007   4.1109837399447567E-004   2.4873177629921406     
         128   3.5000000000000013      -0.66035674038717718        1.5453623443572906E-002  0.24860453566881396        3.7531484452747889E-004   4.2219897261812133E-007   3.7302024148976010E-004   2.5111412208541841     
         128   3.6000000000000014      -0.63653302987576010        1.4740434682955115E-002  0.23003378953453696        3.4154860342039146E-004   3.4998487459686236E-007   3.4187996247354163E-004   2.4964758481414910     
         128   3.7000000000000015      -0.61456769049825255        1.4202436716888948E-002  0.21112460929746268        3.1673561034344859E-004   3.0025160443047681E-007   3.1646092633957239E-004   2.4909975763443666     
         128   3.8000000000000016      -0.59412371024205424        1.3720711389539713E-002  0.19651347874832384        2.9535432057520571E-004   2.6088002018417367E-007   2.9437306053167110E-004   2.5158328987322687     
         128   3.9000000000000017      -0.57515880098792471        1.3306507045550715E-002  0.18285095105241067        2.7763291909438793E-004   2.3083753622405006E-007   2.7638696430284709E-004   2.4859524384658980     
         128   4.0000000000000018      -0.55741270931936437        1.2898701291863874E-002  0.17134711426629801        2.6119758818698383E-004   2.0418671648373697E-007   2.6080668888580190E-004   2.5130852615671668     
         128   4.1000000000000014      -0.54087935926921393        1.2562909064106382E-002  0.16000550819659989        2.4798163611707144E-004   1.8502086486218479E-007   2.4693063801960896E-004   2.5126218998355245     
         128   4.2000000000000011      -0.52529770402516140        1.2242562648884153E-002  0.15041836017261520        2.3569411983939565E-004   1.6693457555851537E-007   2.3462934579193456E-004   2.5042674231858388     
         128   4.3000000000000007      -0.51067580671702606        1.1970051083426060E-002  0.14142623047054154        2.2491205805013985E-004   1.5122001950334334E-007   2.2380370391742320E-004   2.5023211249055786     
         128   4.4000000000000004      -0.49691808029067674        1.1710546985193863E-002  0.13386110529886067        2.1531611774396991E-004   1.3885853034312979E-007   2.1470650936863321E-004   2.5203851708635723     
         128   4.5000000000000000      -0.48388659570018649        1.1439389579872429E-002  0.12601501805989287        2.0558840061800411E-004   1.2696922692640441E-007   2.0577180922926066E-004   2.5083706270142714     
         128   4.5999999999999996      -0.47160178533647817        1.1254914034094472E-002  0.11964621665132957        1.9891359965684062E-004   1.1844132418805125E-007   1.9869758591546630E-004   2.4953012025630321     
         128   4.6999999999999993      -0.45991543784184585        1.1048480218487493E-002  0.11374415863504102        1.9173552030874949E-004   1.1008983189623467E-007   1.9143146100256212E-004   2.5131402882390752     
         128   4.7999999999999989      -0.44886619208210571        1.0863512473455524E-002  0.10774520904742975        1.8505591166802609E-004   1.0242864537491014E-007   1.8546348412082096E-004   2.4998025106508996     
         128   4.8999999999999986      -0.43837612385496333        1.0706417041652301E-002  0.10265063109126767        1.8006977037626618E-004   9.7226581596406119E-008   1.7902948472466103E-004   2.4773549519767304     
         128   4.9999999999999982      -0.42831466628890580        1.0546283626269434E-002   9.7499469512122391E-002   1.7480837119558272E-004   9.1731357000266194E-008   1.7473215270134282E-004   2.4854320505974976     
